[gd_scene load_steps=61 format=3 uid="uid://cmawmkqq0jxu4"]

[ext_resource type="PackedScene" uid="uid://bjjceeyq3csc3" path="res://Assets/Dynamic Sky/Sky.tscn" id="1_e47ty"]
[ext_resource type="Script" path="res://Level/amogus.gd" id="1_j2xs0"]
[ext_resource type="PackedScene" uid="uid://c6ewttxclamer" path="res://Scenes/Character/Character.tscn" id="3_yg83h"]
[ext_resource type="Material" uid="uid://dk1l3pp86ehcl" path="res://Materials/mat_retroVillage_grass.material" id="7_a4g24"]
[ext_resource type="PackedScene" uid="uid://cnhgwmv4x8iij" path="res://Scenes/Village/village_farm_cabbage.tscn" id="8_y5umi"]
[ext_resource type="PackedScene" uid="uid://bu7n0r7240tpp" path="res://Scenes/Village/village_farm_wheat.tscn" id="9_2jg2u"]
[ext_resource type="PackedScene" uid="uid://bq5ko5oo460aj" path="res://Scenes/Village/village_farm_carrot.tscn" id="11_8gs5w"]
[ext_resource type="PackedScene" uid="uid://xqrbw46elhb2" path="res://Scenes/Village/village_hay_bale.tscn" id="12_iyxo8"]
[ext_resource type="PackedScene" uid="uid://dd25jp3ps7808" path="res://Scenes/Village/village_windmill.tscn" id="12_jk4r3"]
[ext_resource type="PackedScene" uid="uid://c41c1h1x6fnon" path="res://Scenes/Village/village_market_stall_red.tscn" id="13_kbjjx"]
[ext_resource type="PackedScene" uid="uid://db1v58gq1f5ks" path="res://Scenes/Village/village_market_stall_blue.tscn" id="14_v5x6d"]
[ext_resource type="PackedScene" uid="uid://c62h3tqhrtgj8" path="res://Scenes/Village/village_hay_pile.tscn" id="14_vgw7s"]
[ext_resource type="PackedScene" uid="uid://df12d2kc86jwc" path="res://Scenes/Village/village_hay_cart.tscn" id="15_uts4g"]
[ext_resource type="PackedScene" uid="uid://byqkflbb0unyb" path="res://Scenes/Village/village_crate.tscn" id="18_a2dgk"]
[ext_resource type="PackedScene" uid="uid://u4aoyemilmfc" path="res://Scenes/Village/village_sphere_001.tscn" id="19_u546x"]
[ext_resource type="PackedScene" uid="uid://b5f7dwcvynr2b" path="res://Scenes/Village/village_barn.tscn" id="20_d131n"]
[ext_resource type="PackedScene" uid="uid://dhdsnnjhkth2r" path="res://Scenes/Village/village_house_purple.tscn" id="21_eq006"]
[ext_resource type="PackedScene" uid="uid://dmtwxp0rvb6ck" path="res://Scenes/Village/village_obelisk.tscn" id="21_qqeqw"]
[ext_resource type="PackedScene" uid="uid://b4t8l0dblfp6n" path="res://Scenes/Village/village_well.tscn" id="22_i70k4"]
[ext_resource type="PackedScene" uid="uid://bb16y4mg1e8ul" path="res://Scenes/Village/village_house_2_story_purple.tscn" id="22_vuiy4"]
[ext_resource type="PackedScene" uid="uid://c6ibdht75jlsb" path="res://Scenes/Village/village_tombstone_1001.tscn" id="23_7fw8q"]
[ext_resource type="PackedScene" uid="uid://co1va8134jmf" path="res://Scenes/Village/village_fence.tscn" id="23_h4nmi"]
[ext_resource type="PackedScene" uid="uid://davhs1x8503gb" path="res://Scenes/Village/village_fence_002.tscn" id="24_4c3ha"]
[ext_resource type="PackedScene" uid="uid://tufclidviun5" path="res://Scenes/Village/village_chapel.tscn" id="24_q2hxh"]
[ext_resource type="PackedScene" uid="uid://djn36qw0rs7c" path="res://Scenes/Village/village_grave_1001.tscn" id="25_4ro2t"]
[ext_resource type="PackedScene" uid="uid://h4eahh5sihy5" path="res://Scenes/Village/village_tombstone_2001.tscn" id="26_f7ucm"]
[ext_resource type="PackedScene" uid="uid://d3bprkpnuoy7" path="res://Scenes/Village/village_arch.tscn" id="27_7gnff"]
[ext_resource type="PackedScene" uid="uid://bo2tobf528uat" path="res://Scenes/Village/village_house_blue.tscn" id="28_gq1u3"]
[ext_resource type="PackedScene" uid="uid://bcokyesbj1wwh" path="res://Scenes/Village/village_pond.tscn" id="29_7gekw"]
[ext_resource type="PackedScene" uid="uid://b2vjuyy81mypf" path="res://Scenes/Village/village_potted_bush.tscn" id="30_tiw8e"]
[ext_resource type="PackedScene" uid="uid://hs0my2qh2np" path="res://Scenes/Village/village_daisy.tscn" id="31_mdgly"]
[ext_resource type="PackedScene" uid="uid://ba1d02vyeadh6" path="res://Scenes/Village/village_boulder.tscn" id="32_27v1n"]
[ext_resource type="Script" path="res://addons/proton_scatter/src/scatter.gd" id="33_5iofv"]
[ext_resource type="Script" path="res://addons/proton_scatter/src/stack/modifier_stack.gd" id="34_468im"]
[ext_resource type="Script" path="res://addons/proton_scatter/src/modifiers/create_inside_random.gd" id="35_35b0h"]
[ext_resource type="Script" path="res://addons/proton_scatter/src/modifiers/randomize_transforms.gd" id="36_yv3qv"]
[ext_resource type="Script" path="res://addons/proton_scatter/src/modifiers/relax.gd" id="37_ayqhf"]
[ext_resource type="Script" path="res://addons/proton_scatter/src/modifiers/project_on_geometry.gd" id="38_nao6l"]
[ext_resource type="Script" path="res://addons/proton_scatter/src/scatter_item.gd" id="39_a8u5v"]
[ext_resource type="Script" path="res://addons/proton_scatter/src/scatter_shape.gd" id="40_jackh"]
[ext_resource type="PackedScene" uid="uid://8ay5rlrutcmx" path="res://addons/proton_scatter/demos/assets/large_rock.tscn" id="40_p6vs6"]
[ext_resource type="PackedScene" uid="uid://bltmr2xgs8nq1" path="res://addons/proton_scatter/demos/assets/small_rock.tscn" id="41_iqprh"]
[ext_resource type="Script" path="res://addons/proton_scatter/src/shapes/path_shape.gd" id="41_ugumw"]
[ext_resource type="PackedScene" uid="uid://iigscx6k7k5" path="res://Scenes/Character/activator.tscn" id="44_msxld"]
[ext_resource type="ArrayMesh" uid="uid://dkli6rbchpgxp" path="res://Models/Valley/Village_Obelisk_Material_005_0.res" id="45_hjrpj"]

[sub_resource type="PlaneMesh" id="PlaneMesh_aey47"]

[sub_resource type="Resource" id="Resource_2utve"]
script = ExtResource("35_35b0h")
amount = 220
enabled = true
override_global_seed = false
custom_seed = 0
restrict_height = true
reference_frame = 1

[sub_resource type="Resource" id="Resource_6xif3"]
script = ExtResource("36_yv3qv")
position = Vector3(0.15, 0.15, 0.15)
rotation = Vector3(5, 360, 5)
scale = Vector3(0.1, 0.1, 0.1)
enabled = true
override_global_seed = false
custom_seed = 0
restrict_height = false
reference_frame = 2

[sub_resource type="Resource" id="Resource_51ta0"]
script = ExtResource("37_ayqhf")
iterations = 3
offset_step = 0.2
consecutive_step_multiplier = 0.75
use_computeshader = true
enabled = true
override_global_seed = false
custom_seed = 0
restrict_height = true
reference_frame = 0

[sub_resource type="Resource" id="Resource_8elbi"]
script = ExtResource("38_nao6l")
ray_direction = Vector3(0, -1, 0)
ray_length = 5.0
ray_offset = 5.0
remove_points_on_miss = false
align_with_collision_normal = false
max_slope = 90.0
collision_mask = 1
exclude_mask = 0
enabled = true
override_global_seed = false
custom_seed = 0
restrict_height = false
reference_frame = 0

[sub_resource type="Resource" id="Resource_t7dua"]
script = ExtResource("34_468im")
stack = Array[Resource("res://addons/proton_scatter/src/modifiers/base_modifier.gd")]([SubResource("Resource_2utve"), SubResource("Resource_6xif3"), SubResource("Resource_51ta0"), SubResource("Resource_8elbi")])

[sub_resource type="Curve3D" id="Curve3D_rk1yo"]
_data = {
"points": PackedVector3Array(0, 0, 0, 0, 0, 0, 57.9185, 0, -135.794, 0, 0, 0, 0, 0, 0, 58.8002, 0, -5.76651, 0, 0, 0, 0, 0, 0, 45.1257, 0, 29.5329, 0, 0, 0, 0, 0, 0, -34.3773, 0, 27.9428, 0, 0, 0, 0, 0, 0, -130.167, 0, 32.5509, 0, 0, 0, 0, 0, 0, -88.6842, 0, -15.1447, 0, 0, 0, 0, 0, 0, -89.5269, 0, -74.1569, 0, 0, 0, 0, 0, 0, -90.7355, 0, -129.449),
"tilts": PackedFloat32Array(0, 0, 0, 0, 0, 0, 0, 0)
}
point_count = 8

[sub_resource type="Resource" id="Resource_n4ubo"]
script = ExtResource("41_ugumw")
closed = true
thickness = 0.0
curve = SubResource("Curve3D_rk1yo")

[sub_resource type="Resource" id="Resource_oyl0n"]
script = ExtResource("35_35b0h")
amount = 160
enabled = true
override_global_seed = false
custom_seed = 0
restrict_height = true
reference_frame = 1

[sub_resource type="Resource" id="Resource_f4da4"]
script = ExtResource("36_yv3qv")
position = Vector3(0.2, 0.301, 4)
rotation = Vector3(20, 360, 20)
scale = Vector3(0.1, 0.1, 0.1)
enabled = true
override_global_seed = false
custom_seed = 0
restrict_height = false
reference_frame = 2

[sub_resource type="Resource" id="Resource_ichqp"]
script = ExtResource("37_ayqhf")
iterations = 3
offset_step = 0.2
consecutive_step_multiplier = 0.75
use_computeshader = true
enabled = true
override_global_seed = false
custom_seed = 0
restrict_height = true
reference_frame = 0

[sub_resource type="Resource" id="Resource_vp5ei"]
script = ExtResource("38_nao6l")
ray_direction = Vector3(0, -1, 0)
ray_length = 5.0
ray_offset = 5.0
remove_points_on_miss = false
align_with_collision_normal = false
max_slope = 90.0
collision_mask = 1
exclude_mask = 0
enabled = true
override_global_seed = false
custom_seed = 0
restrict_height = false
reference_frame = 0

[sub_resource type="Resource" id="Resource_jb6qi"]
script = ExtResource("34_468im")
stack = Array[Resource("res://addons/proton_scatter/src/modifiers/base_modifier.gd")]([SubResource("Resource_oyl0n"), SubResource("Resource_f4da4"), SubResource("Resource_ichqp"), SubResource("Resource_vp5ei")])

[sub_resource type="Curve3D" id="Curve3D_4quau"]
_data = {
"points": PackedVector3Array(0, 0, 0, 0, 0, 0, -0.915955, 0, 1.97348, 0, 0, 0, 0, 0, 0, -1.21112, 0, -187.352),
"tilts": PackedFloat32Array(0, 0)
}
point_count = 2

[sub_resource type="Resource" id="Resource_7orv3"]
script = ExtResource("41_ugumw")
closed = true
thickness = 0.0
curve = SubResource("Curve3D_4quau")

[node name="Node3D" type="Node3D"]
script = ExtResource("1_j2xs0")

[node name="Camera And Light" type="Node3D" parent="."]

[node name="Light" parent="Camera And Light" instance=ExtResource("1_e47ty")]
transform = Transform3D(0.596533, 0.432305, 0.676211, -0.72264, -0.0772707, 0.686892, 0.349198, -0.898411, 0.266306, 0, 0, 0)

[node name="Sun" parent="Camera And Light/Light" index="1"]
light_energy = 1.0
directional_shadow_blend_splits = true

[node name="Moon" parent="Camera And Light/Light" index="2"]
transform = Transform3D(0.995978, 0, 0.0895895, 0.0189377, -0.977402, -0.210532, 0.0875651, 0.211382, -0.973472, 0, 0, 0)

[node name="UCharacterBody3D" parent="." instance=ExtResource("3_yg83h")]
transform = Transform3D(1, 0, 0, 0, 1, 0, 0, 0, 1, 167.585, 0.941249, -365.885)

[node name="World" type="Node" parent="."]

[node name="VillageFarmCabbage" type="Node3D" parent="World"]

[node name="VillageFarmCabbage" parent="World/VillageFarmCabbage" instance=ExtResource("8_y5umi")]
transform = Transform3D(-4.37114e-08, 0, 1, 0, 1, 0, -1, 0, -4.37114e-08, 151.329, 0.941249, -401.585)
skeleton = NodePath("../../..")

[node name="VillageFarmCabbage2" parent="World/VillageFarmCabbage" instance=ExtResource("8_y5umi")]
transform = Transform3D(-4.37114e-08, 0, 1, 0, 1, 0, -1, 0, -4.37114e-08, 151.329, 0.941249, -397.585)
skeleton = NodePath("../../..")

[node name="VillageFarmCabbage3" parent="World/VillageFarmCabbage" instance=ExtResource("8_y5umi")]
transform = Transform3D(-4.37114e-08, 0, 1, 0, 1, 0, -1, 0, -4.37114e-08, 151.329, 0.941249, -393.585)
skeleton = NodePath("../../..")

[node name="VillageFarmCabbage4" parent="World/VillageFarmCabbage" instance=ExtResource("8_y5umi")]
transform = Transform3D(-4.37114e-08, 0, 1, 0, 1, 0, -1, 0, -4.37114e-08, 155.329, 0.941249, -401.585)
skeleton = NodePath("../../..")

[node name="VillageFarmCabbage5" parent="World/VillageFarmCabbage" instance=ExtResource("8_y5umi")]
transform = Transform3D(-4.37114e-08, 0, 1, 0, 1, 0, -1, 0, -4.37114e-08, 155.329, 0.941249, -397.585)
skeleton = NodePath("../../..")

[node name="VillageFarmCabbage6" parent="World/VillageFarmCabbage" instance=ExtResource("8_y5umi")]
transform = Transform3D(-4.37114e-08, 0, 1, 0, 1, 0, -1, 0, -4.37114e-08, 155.329, 0.941249, -393.585)
skeleton = NodePath("../../..")

[node name="VillageFarmCabbage7" parent="World/VillageFarmCabbage" instance=ExtResource("8_y5umi")]
transform = Transform3D(-4.37114e-08, 0, 1, 0, 1, 0, -1, 0, -4.37114e-08, 159.329, 0.941249, -401.585)
skeleton = NodePath("../../..")

[node name="VillageFarmCabbage8" parent="World/VillageFarmCabbage" instance=ExtResource("8_y5umi")]
transform = Transform3D(-4.37114e-08, 0, 1, 0, 1, 0, -1, 0, -4.37114e-08, 159.329, 0.941249, -397.585)
skeleton = NodePath("../../..")

[node name="VillageFarmCabbage9" parent="World/VillageFarmCabbage" instance=ExtResource("8_y5umi")]
transform = Transform3D(-4.37114e-08, 0, 1, 0, 1, 0, -1, 0, -4.37114e-08, 159.329, 0.941249, -393.585)
skeleton = NodePath("../../..")

[node name="VillageFarmCabbage10" parent="World/VillageFarmCabbage" instance=ExtResource("8_y5umi")]
transform = Transform3D(-4.37114e-08, 0, 1, 0, 1, 0, -1, 0, -4.37114e-08, 137.329, 0.941249, -401.585)
skeleton = NodePath("../../..")

[node name="VillageFarmCabbage11" parent="World/VillageFarmCabbage" instance=ExtResource("8_y5umi")]
transform = Transform3D(-4.37114e-08, 0, 1, 0, 1, 0, -1, 0, -4.37114e-08, 137.329, 0.941249, -397.585)
skeleton = NodePath("../../..")

[node name="VillageFarmCabbage12" parent="World/VillageFarmCabbage" instance=ExtResource("8_y5umi")]
transform = Transform3D(-4.37114e-08, 0, 1, 0, 1, 0, -1, 0, -4.37114e-08, 137.329, 0.941249, -393.585)
skeleton = NodePath("../../..")

[node name="VillageFarmCabbage13" parent="World/VillageFarmCabbage" instance=ExtResource("8_y5umi")]
transform = Transform3D(-4.37114e-08, 0, 1, 0, 1, 0, -1, 0, -4.37114e-08, 141.329, 0.941249, -401.585)
skeleton = NodePath("../../..")

[node name="VillageFarmCabbage14" parent="World/VillageFarmCabbage" instance=ExtResource("8_y5umi")]
transform = Transform3D(-4.37114e-08, 0, 1, 0, 1, 0, -1, 0, -4.37114e-08, 141.329, 0.941249, -397.585)
skeleton = NodePath("../../..")

[node name="VillageFarmCabbage15" parent="World/VillageFarmCabbage" instance=ExtResource("8_y5umi")]
transform = Transform3D(-4.37114e-08, 0, 1, 0, 1, 0, -1, 0, -4.37114e-08, 141.329, 0.941249, -393.585)
skeleton = NodePath("../../..")

[node name="VillageFarmCabbage16" parent="World/VillageFarmCabbage" instance=ExtResource("8_y5umi")]
transform = Transform3D(-4.37114e-08, 0, 1, 0, 1, 0, -1, 0, -4.37114e-08, 145.329, 0.941249, -401.585)
skeleton = NodePath("../../..")

[node name="VillageFarmCabbage17" parent="World/VillageFarmCabbage" instance=ExtResource("8_y5umi")]
transform = Transform3D(-4.37114e-08, 0, 1, 0, 1, 0, -1, 0, -4.37114e-08, 145.329, 0.941249, -397.585)
skeleton = NodePath("../../..")

[node name="VillageFarmCabbage18" parent="World/VillageFarmCabbage" instance=ExtResource("8_y5umi")]
transform = Transform3D(-4.37114e-08, 0, 1, 0, 1, 0, -1, 0, -4.37114e-08, 145.329, 0.941249, -393.585)
skeleton = NodePath("../../..")

[node name="VillageFarmWheat" type="Node3D" parent="World"]
transform = Transform3D(1, 0, 0, 0, 1, 0, 0, 0, 1, 132, 1, -394)

[node name="VillageFarmWheat" parent="World/VillageFarmWheat" instance=ExtResource("9_2jg2u")]
skeleton = NodePath("../..")

[node name="VillageFarmWheat2" parent="World/VillageFarmWheat" instance=ExtResource("9_2jg2u")]
transform = Transform3D(1, 0, 0, 0, 1, 0, 0, 0, 1, -4, 0, 0)
skeleton = NodePath("../..")

[node name="VillageFarmWheat3" parent="World/VillageFarmWheat" instance=ExtResource("9_2jg2u")]
transform = Transform3D(1, 0, 0, 0, 1, 0, 0, 0, 1, -8, 0, 0)
skeleton = NodePath("../..")

[node name="VillageFarmWheat4" parent="World/VillageFarmWheat" instance=ExtResource("9_2jg2u")]
transform = Transform3D(1, 0, 0, 0, 1, 0, 0, 0, 1, 0, 0, -4)
skeleton = NodePath("../..")

[node name="VillageFarmWheat5" parent="World/VillageFarmWheat" instance=ExtResource("9_2jg2u")]
transform = Transform3D(1, 0, 0, 0, 1, 0, 0, 0, 1, -4, 0, -4)
skeleton = NodePath("../..")

[node name="VillageFarmWheat6" parent="World/VillageFarmWheat" instance=ExtResource("9_2jg2u")]
transform = Transform3D(1, 0, 0, 0, 1, 0, 0, 0, 1, -8, 0, -4)
skeleton = NodePath("../..")

[node name="VillageFarmWheat7" parent="World/VillageFarmWheat" instance=ExtResource("9_2jg2u")]
transform = Transform3D(1, 0, 0, 0, 1, 0, 0, 0, 1, 0, 0, -8)
skeleton = NodePath("../..")

[node name="VillageFarmWheat8" parent="World/VillageFarmWheat" instance=ExtResource("9_2jg2u")]
transform = Transform3D(1, 0, 0, 0, 1, 0, 0, 0, 1, -4, 0, -8)
skeleton = NodePath("../..")

[node name="VillageFarmWheat9" parent="World/VillageFarmWheat" instance=ExtResource("9_2jg2u")]
transform = Transform3D(1, 0, 0, 0, 1, 0, 0, 0, 1, -8, 0, -8)
skeleton = NodePath("../..")

[node name="VillageFarmWheat10" parent="World/VillageFarmWheat" instance=ExtResource("9_2jg2u")]
transform = Transform3D(1, 0, 0, 0, 1, 0, 0, 0, 1, 0, 0, -12)
skeleton = NodePath("../..")

[node name="VillageFarmWheat11" parent="World/VillageFarmWheat" instance=ExtResource("9_2jg2u")]
transform = Transform3D(1, 0, 0, 0, 1, 0, 0, 0, 1, -4, 0, -12)
skeleton = NodePath("../..")

[node name="VillageFarmWheat12" parent="World/VillageFarmWheat" instance=ExtResource("9_2jg2u")]
transform = Transform3D(1, 0, 0, 0, 1, 0, 0, 0, 1, -8, 0, -12)
skeleton = NodePath("../..")

[node name="VillageFarmWheat13" parent="World/VillageFarmWheat" instance=ExtResource("9_2jg2u")]
transform = Transform3D(1, 0, 0, 0, 1, 0, 0, 0, 1, 0, 0, -16)
skeleton = NodePath("../..")

[node name="VillageFarmWheat14" parent="World/VillageFarmWheat" instance=ExtResource("9_2jg2u")]
transform = Transform3D(1, 0, 0, 0, 1, 0, 0, 0, 1, -4, 0, -16)
skeleton = NodePath("../..")

[node name="VillageFarmWheat15" parent="World/VillageFarmWheat" instance=ExtResource("9_2jg2u")]
transform = Transform3D(1, 0, 0, 0, 1, 0, 0, 0, 1, -8, 0, -16)
skeleton = NodePath("../..")

[node name="VillageFarmWheat16" parent="World/VillageFarmWheat" instance=ExtResource("9_2jg2u")]
transform = Transform3D(1, 0, 0, 0, 1, 0, 0, 0, 1, 0, 0, -20)
skeleton = NodePath("../..")

[node name="VillageFarmWheat17" parent="World/VillageFarmWheat" instance=ExtResource("9_2jg2u")]
transform = Transform3D(1, 0, 0, 0, 1, 0, 0, 0, 1, -4, 0, -20)
skeleton = NodePath("../..")

[node name="VillageFarmWheat18" parent="World/VillageFarmWheat" instance=ExtResource("9_2jg2u")]
transform = Transform3D(1, 0, 0, 0, 1, 0, 0, 0, 1, -8, 0, -20)
skeleton = NodePath("../..")

[node name="VillageFarmCarrot" type="Node3D" parent="World"]
transform = Transform3D(1, 0, 0, 0, 1, 0, 0, 0, 1, 139, 1, -415)

[node name="VillageFarmCarrot" parent="World/VillageFarmCarrot" instance=ExtResource("11_8gs5w")]
transform = Transform3D(1, 0, 0, 0, 1, 0, 0, 0, 1, -2, 0, 3)
skeleton = NodePath("../../..")

[node name="VillageFarmCarrot2" parent="World/VillageFarmCarrot" instance=ExtResource("11_8gs5w")]
transform = Transform3D(1, 0, 0, 0, 1, 0, 0, 0, 1, -2, 0, 7)
skeleton = NodePath("../../..")

[node name="VillageFarmCarrot3" parent="World/VillageFarmCarrot" instance=ExtResource("11_8gs5w")]
transform = Transform3D(1, 0, 0, 0, 1, 0, 0, 0, 1, 2, 0, 3)
skeleton = NodePath("../../..")

[node name="VillageFarmCarrot4" parent="World/VillageFarmCarrot" instance=ExtResource("11_8gs5w")]
transform = Transform3D(1, 0, 0, 0, 1, 0, 0, 0, 1, 2, 0, 7)
skeleton = NodePath("../../..")

[node name="VillageFarmCarrot5" parent="World/VillageFarmCarrot" instance=ExtResource("11_8gs5w")]
transform = Transform3D(1, 0, 0, 0, 1, 0, 0, 0, 1, 6, 0, 3)
skeleton = NodePath("../../..")

[node name="VillageFarmCarrot6" parent="World/VillageFarmCarrot" instance=ExtResource("11_8gs5w")]
transform = Transform3D(1, 0, 0, 0, 1, 0, 0, 0, 1, 6, 0, 7)
skeleton = NodePath("../../..")

[node name="VillageFarmCarrot7" parent="World/VillageFarmCarrot" instance=ExtResource("11_8gs5w")]
transform = Transform3D(1, 0, 0, 0, 1, 0, 0, 0, 1, 10, 0, 3)
skeleton = NodePath("../../..")

[node name="VillageFarmCarrot8" parent="World/VillageFarmCarrot" instance=ExtResource("11_8gs5w")]
transform = Transform3D(1, 0, 0, 0, 1, 0, 0, 0, 1, 10, 0, 7)
skeleton = NodePath("../../..")

[node name="VillageHayBale" type="Node3D" parent="World"]
transform = Transform3D(1, 0, 0, 0, 1, 0, 0, 0, 1, 145.74, 0.941249, -417.089)

[node name="VillageHayBale" parent="World/VillageHayBale" instance=ExtResource("12_iyxo8")]
transform = Transform3D(1, 0, 0, 0, 1, 0, 0, 0, 1, -2.34238, 0, -0.0498962)
skeleton = NodePath("../../..")

[node name="VillageHayBale2" parent="World/VillageHayBale" instance=ExtResource("12_iyxo8")]
transform = Transform3D(1, 0, 0, 0, 1, 0, 0, 0, 1, 6.65762, 0, -0.0498962)
skeleton = NodePath("../../..")

[node name="VillageHayBale3" parent="World/VillageHayBale" instance=ExtResource("12_iyxo8")]
transform = Transform3D(0.963532, 0, -0.267592, 0, 1, 0, 0.267592, 0, 0.963532, -11.6383, 9.53674e-07, -2.00348)
skeleton = NodePath("../../..")

[node name="VillageHayBale4" parent="World/VillageHayBale" instance=ExtResource("12_iyxo8")]
transform = Transform3D(0.963532, 0, -0.267592, 0, 1, 0, 0.267592, 0, 0.963532, 12.3896, 9.53674e-07, -4.74997)
skeleton = NodePath("../../..")

[node name="VillageHayBale5" parent="World/VillageHayBale" instance=ExtResource("12_iyxo8")]
transform = Transform3D(0.963532, 0, -0.267592, 0, 1, 0, 0.267592, 0, 0.963532, 5.72232, 9.53674e-07, -8.71176)
skeleton = NodePath("../../..")

[node name="VillageHayBale6" parent="World/VillageHayBale" instance=ExtResource("12_iyxo8")]
transform = Transform3D(0.990929, 0, -0.134384, 0, 1, 0, 0.134384, 0, 0.990929, 19.3145, 9.53674e-07, -8.15475)
skeleton = NodePath("../../..")

[node name="VillageHayBale7" parent="World/VillageHayBale" instance=ExtResource("12_iyxo8")]
transform = Transform3D(0.990929, 0, -0.134384, 0, 1, 0, 0.134384, 0, 0.990929, 23.9188, 9.53674e-07, -2.48459)
skeleton = NodePath("../../..")

[node name="VillageHayBale8" parent="World/VillageHayBale" instance=ExtResource("12_iyxo8")]
transform = Transform3D(0.990929, 0, -0.134384, 0, 1, 0, 0.134384, 0, 0.990929, 25.1566, 9.53674e-07, -12.376)
skeleton = NodePath("../../..")

[node name="VillageHayBale9" parent="World/VillageHayBale" instance=ExtResource("12_iyxo8")]
transform = Transform3D(0.990929, 0, -0.134384, 0, 1, 0, 0.134384, 0, 0.990929, 12.0979, 0, -13.6568)
skeleton = NodePath("../../..")

[node name="VillageHayBale10" parent="World/VillageHayBale" instance=ExtResource("12_iyxo8")]
transform = Transform3D(0.990929, 0, -0.134384, 0, 1, 0, 0.134384, 0, 0.990929, -21.7276, 0, -5.04892)
skeleton = NodePath("../../..")

[node name="VillageHayBale11" parent="World/VillageHayBale" instance=ExtResource("12_iyxo8")]
transform = Transform3D(0.990929, 0, -0.134384, 0, 1, 0, 0.134384, 0, 0.990929, -27.2748, 0, 0.161774)
skeleton = NodePath("../../..")

[node name="VillageHayBale12" parent="World/VillageHayBale" instance=ExtResource("12_iyxo8")]
transform = Transform3D(0.990929, 0, -0.134384, 0, 1, 0, 0.134384, 0, 0.990929, -31.1053, 0, -6.09729)
skeleton = NodePath("../../..")

[node name="VillageHayBale13" parent="World/VillageHayBale" instance=ExtResource("12_iyxo8")]
transform = Transform3D(0.990929, 0, -0.134384, 0, 1, 0, 0.134384, 0, 0.990929, -35.741, 0, -1.68018)
skeleton = NodePath("../../..")

[node name="VillageHayBale14" parent="World/VillageHayBale" instance=ExtResource("12_iyxo8")]
transform = Transform3D(0.990929, 0, -0.134384, 0, 1, 0, 0.134384, 0, 0.990929, -40.7599, 0, -7.86435)
skeleton = NodePath("../../..")

[node name="VillageHayBale15" parent="World/VillageHayBale" instance=ExtResource("12_iyxo8")]
transform = Transform3D(0.994495, 0, 0.104789, 0, 1, 0, -0.104789, 0, 0.994495, -24.6356, 2.38419e-07, 21.4772)
skeleton = NodePath("../../..")

[node name="VillageHayBale23" parent="World/VillageHayBale" instance=ExtResource("12_iyxo8")]
transform = Transform3D(0.987998, 0, -0.154469, 0, 1, 0, 0.154469, 0, 0.987998, -25.2181, 2.38419e-07, 24.2923)
skeleton = NodePath("../../..")

[node name="VillageHayBale24" parent="World/VillageHayBale" instance=ExtResource("12_iyxo8")]
transform = Transform3D(0.419435, 0.788195, -0.450358, -0.888806, 0.45748, -0.0271188, 0.184655, 0.411656, 0.892436, -23.8495, 0.653862, 23.6059)
skeleton = NodePath("../../..")

[node name="VillageHayBale19" parent="World/VillageHayBale" instance=ExtResource("12_iyxo8")]
transform = Transform3D(0.994495, 0, 0.104789, 0, 1, 0, -0.104789, 0, 0.994495, -26.3972, 2.38419e-07, 20.3961)
skeleton = NodePath("../../..")

[node name="VillageHayBale20" parent="World/VillageHayBale" instance=ExtResource("12_iyxo8")]
transform = Transform3D(0.824521, 0, 0.565831, 0, 1, 0, -0.565831, 0, 0.824521, -24.6104, 1.50343, 20.2078)
skeleton = NodePath("../../..")

[node name="VillageHayBale21" parent="World/VillageHayBale" instance=ExtResource("12_iyxo8")]
transform = Transform3D(0.824521, 0, 0.565831, 0, 1, 0, -0.565831, 0, 0.824521, -23.5272, 1.50343, 18.2516)
skeleton = NodePath("../../..")

[node name="VillageHayBale22" parent="World/VillageHayBale" instance=ExtResource("12_iyxo8")]
transform = Transform3D(0.886228, -0.357105, -0.295087, 3.60826e-08, 0.636993, -0.770869, 0.46325, 0.683166, 0.564521, -24.5614, 2.08503, 22.0697)
skeleton = NodePath("../../..")

[node name="VillageHayBale25" parent="World/VillageHayBale" instance=ExtResource("12_iyxo8")]
transform = Transform3D(0.0241183, 0.770645, 0.636808, 1.32443e-08, 0.636993, -0.770869, -0.999709, 0.018592, 0.0153631, -23.1818, 2.08503, 20.8117)
skeleton = NodePath("../../..")

[node name="VillageHayBale16" parent="World/VillageHayBale" instance=ExtResource("12_iyxo8")]
transform = Transform3D(0.995094, 0, -0.0989377, 0, 1, 0, 0.0989377, 0, 0.995094, -22.8947, 2.38419e-07, 21.2775)
skeleton = NodePath("../../..")

[node name="VillageHayBale17" parent="World/VillageHayBale" instance=ExtResource("12_iyxo8")]
transform = Transform3D(0.993485, 0, 0.113966, 0, 1, 0, -0.113966, 0, 0.993485, -23.1838, 2.38419e-07, 18.7567)
skeleton = NodePath("../../..")

[node name="VillageHayBale18" parent="World/VillageHayBale" instance=ExtResource("12_iyxo8")]
transform = Transform3D(0.933154, 0, 0.359476, 0, 1, 0, -0.359476, 0, 0.933154, -25.1399, 2.38419e-07, 18.981)
skeleton = NodePath("../../..")

[node name="VillageHayCart" type="Node3D" parent="World"]

[node name="VillageHayCart" parent="World/VillageHayCart" instance=ExtResource("15_uts4g")]
transform = Transform3D(1, 0, 0, 0, 1, 0, 0, 0, 1, 177.212, 0.941249, -430.015)
skeleton = NodePath("../../..")

[node name="Bazaar" type="Node3D" parent="World"]

[node name="VillageMarketStallRed" parent="World/Bazaar" instance=ExtResource("13_kbjjx")]
transform = Transform3D(-0.0524231, 0, 0.998625, 0, 1, 0, -0.998625, 0, -0.0524231, 95.1105, 0.941249, -377.629)
skeleton = NodePath("../../..")

[node name="VillageMarketStallRed2" parent="World/Bazaar" instance=ExtResource("13_kbjjx")]
transform = Transform3D(-0.0524231, 0, 0.998625, 0, 1, 0, -0.998625, 0, -0.0524231, 100.11, 0.941249, -362.629)
skeleton = NodePath("../../..")

[node name="VillageMarketStallRed5" parent="World/Bazaar" instance=ExtResource("13_kbjjx")]
transform = Transform3D(-0.0457117, 0, -0.998955, 0, 1, 0, 0.998955, 0, -0.0457117, 120.073, 0.941249, -354.406)
skeleton = NodePath("../../..")

[node name="VillageMarketStallRed6" parent="World/Bazaar" instance=ExtResource("13_kbjjx")]
transform = Transform3D(-0.0457117, 0, -0.998955, 0, 1, 0, 0.998955, 0, -0.0457117, 120.073, 0.941249, -364.406)
skeleton = NodePath("../../..")

[node name="VillageMarketStallRed7" parent="World/Bazaar" instance=ExtResource("13_kbjjx")]
transform = Transform3D(-0.967753, 0, 0.2519, 0, 1, 0, -0.2519, 0, -0.967753, 100.839, 0.941249, -349.866)
skeleton = NodePath("../../..")

[node name="VillageMarketStallRed3" parent="World/Bazaar" instance=ExtResource("13_kbjjx")]
transform = Transform3D(0.973163, 0, -0.230118, 0, 1, 0, 0.230118, 0, 0.973163, 106.483, 0.941247, -387.109)
skeleton = NodePath("../../..")

[node name="VillageMarketStallRed4" parent="World/Bazaar" instance=ExtResource("13_kbjjx")]
transform = Transform3D(0.992433, 0, 0.122787, 0, 1, 0, -0.122787, 0, 0.992433, 96.5459, 0.941247, -391.618)
skeleton = NodePath("../../..")

[node name="VillageMarketStallBlue" parent="World/Bazaar" instance=ExtResource("14_v5x6d")]
transform = Transform3D(0.144563, 0, 0.989496, 0, 1, 0, -0.989496, 0, 0.144563, 111.104, 0.941249, -364.683)
skeleton = NodePath("../../..")

[node name="VillageMarketStallBlue2" parent="World/Bazaar" instance=ExtResource("14_v5x6d")]
transform = Transform3D(-0.999308, 0, 0.0371844, 0, 1, 0, -0.0371844, 0, -0.999308, 112.209, 0.941249, -349.527)
skeleton = NodePath("../../..")

[node name="VillageHayPile" type="Node3D" parent="World"]

[node name="VillageHayPile" parent="World/VillageHayPile" instance=ExtResource("14_vgw7s")]
transform = Transform3D(1, 0, 0, 0, 1, 0, 0, 0, 1, 174.37, 0.941249, -425.831)
skeleton = NodePath("../../..")

[node name="VillageHayPile2" parent="World/VillageHayPile" instance=ExtResource("14_vgw7s")]
transform = Transform3D(0.881992, 0, 0, 0, 0.881992, 0, 0, 0, 0.881992, 174.074, 0.941249, -428.093)
skeleton = NodePath("../../..")

[node name="VillageHayPile3" parent="World/VillageHayPile" instance=ExtResource("14_vgw7s")]
transform = Transform3D(1, 0, 0, 0, 1, 0, 0, 0, 1, 122.144, 0.941248, -407.857)
skeleton = NodePath("../../..")

[node name="VillageHayPile4" parent="World/VillageHayPile" instance=ExtResource("14_vgw7s")]
transform = Transform3D(1, 0, 0, 0, 1, 0, 0, 0, 1, 126.144, 0.941248, -414.857)
skeleton = NodePath("../../..")

[node name="VillageHayPile5" parent="World/VillageHayPile" instance=ExtResource("14_vgw7s")]
transform = Transform3D(1, 0, 0, 0, 1, 0, 0, 0, 1, 107.144, 0.941248, -421.857)
skeleton = NodePath("../../..")

[node name="VillageHayPile6" parent="World/VillageHayPile" instance=ExtResource("14_vgw7s")]
transform = Transform3D(0.726978, 0.00963348, -0.0408035, -0.00651806, 0.726054, 0.0552878, 0.0414155, -0.0548309, 0.724936, 108.574, 0.941248, -422.81)
skeleton = NodePath("../../..")

[node name="Windmill" type="Node3D" parent="World"]
transform = Transform3D(1, 0, 0, 0, 1, 0, 0, 0, 1, 138.064, 0.941249, -428.48)

[node name="VillageWindmill" parent="World/Windmill" instance=ExtResource("12_jk4r3")]
skeleton = NodePath("../../..")

[node name="VillageWindmill2" parent="World/Windmill" instance=ExtResource("12_jk4r3")]
transform = Transform3D(1, 0, 0, 0, 1, 0, 0, 0, 1, 22.2319, 0, -11.5262)
skeleton = NodePath("../../..")

[node name="VillageWindmill3" parent="World/Windmill" instance=ExtResource("12_jk4r3")]
transform = Transform3D(1, 0, 0, 0, 1, 0, 0, 0, 1, -23.1173, 0, -8.88297)
skeleton = NodePath("../../..")

[node name="Node3D" type="Node3D" parent="World"]

[node name="CSGMesh3D" type="CSGMesh3D" parent="World"]
transform = Transform3D(145.677, 0, 0, 0, 1, 0, 0, 0, 95.1191, 231.097, 0.941249, -395.841)
use_collision = true
mesh = SubResource("PlaneMesh_aey47")
material = ExtResource("7_a4g24")
metadata/_edit_lock_ = true

[node name="VillageSphere001" parent="World" instance=ExtResource("19_u546x")]
transform = Transform3D(0.821856, 0, 0, 0, 0.821856, 0, 0, 0, 0.821856, 113.857, 0.94125, -406.735)
skeleton = NodePath("../..")

[node name="VillageBarn" parent="World" instance=ExtResource("20_d131n")]
transform = Transform3D(1, 0, 0, 0, 1, 0, 0, 0, 1, 104.659, 0.941249, -406.556)
skeleton = NodePath("../..")

[node name="VillageHousePurple" parent="World" instance=ExtResource("21_eq006")]
transform = Transform3D(0.154935, 0, 0.987925, 0, 1, 0, -0.987925, 0, 0.154935, 198.225, 0.941249, -374.303)
skeleton = NodePath("../..")

[node name="VillageHouse2StoryPurple" parent="World" instance=ExtResource("22_vuiy4")]
transform = Transform3D(0.107722, 0, 0.994181, 0, 1, 0, -0.994181, 0, 0.107722, 126.494, 0.941249, -355.271)
skeleton = NodePath("../..")

[node name="VillageHouse2StoryPurple2" parent="World" instance=ExtResource("22_vuiy4")]
transform = Transform3D(-0.0889116, 0, 0.99604, 0, 1, 0, -0.99604, 0, -0.0889116, 126.76, 0.941249, -363.897)
skeleton = NodePath("../..")

[node name="VillageHouse2StoryPurple3" parent="World" instance=ExtResource("22_vuiy4")]
transform = Transform3D(0.246509, 0, 0.969141, 0, 1, 0, -0.969141, 0, 0.246509, 125.76, 0.941249, -378.897)
skeleton = NodePath("../..")

[node name="VillageHouse2StoryPurple4" parent="World" instance=ExtResource("22_vuiy4")]
transform = Transform3D(-0.091519, 0, -0.995803, 0, 1, 0, 0.995803, 0, -0.091519, 139.548, 0.941247, -370.324)
skeleton = NodePath("../..")

[node name="VillageHouse2StoryPurple7" parent="World" instance=ExtResource("22_vuiy4")]
transform = Transform3D(0.0915189, 0, 0.995803, 0, 1, 0, -0.995803, 0, 0.0915189, 148.201, 0.941247, -385.035)
skeleton = NodePath("../..")

[node name="VillageHouse2StoryPurple8" parent="World" instance=ExtResource("22_vuiy4")]
transform = Transform3D(-0.0228793, 0, 0.999738, 0, 1, 0, -0.999738, 0, -0.0228793, 148.374, 0.941247, -376.17)
skeleton = NodePath("../..")

[node name="VillageHouse2StoryPurple9" parent="World" instance=ExtResource("22_vuiy4")]
transform = Transform3D(0.0114316, 0, 0.999935, 0, 1, 0, -0.999935, 0, 0.0114316, 148.374, 0.941247, -367.237)
skeleton = NodePath("../..")

[node name="VillageHouse2StoryPurple10" parent="World" instance=ExtResource("22_vuiy4")]
transform = Transform3D(-0.0899895, 0, 0.995943, 0, 1, 0, -0.995943, 0, -0.0899895, 148.876, 0.941247, -358.352)
skeleton = NodePath("../..")

[node name="VillageHouse2StoryPurple5" parent="World" instance=ExtResource("22_vuiy4")]
transform = Transform3D(-0.0191451, 0, -0.999817, 0, 1, 0, 0.999817, 0, -0.0191451, 140.143, 0.941249, -378.617)
skeleton = NodePath("../..")

[node name="VillageHouse2StoryPurple6" parent="World" instance=ExtResource("22_vuiy4")]
transform = Transform3D(0.0681197, 0, -0.997677, 0, 1, 0, 0.997677, 0, 0.0681197, 139.843, 0.941249, -386.517)
skeleton = NodePath("../..")

[node name="Rock" type="Node3D" parent="World"]

[node name="large_rock2" parent="World/Rock" instance=ExtResource("40_p6vs6")]
transform = Transform3D(1, 0, 0, 0, 0.729506, 0.683974, 0, -0.683974, 0.729506, 85.5378, 1.74758, -304.835)

[node name="small_rock2" parent="World/Rock" instance=ExtResource("41_iqprh")]
transform = Transform3D(1.82971, 0, 0, 0, 1.33478, 1.25147, 0, -1.25147, 1.33478, 87.0904, 1.51676, -305.345)

[node name="large_rock3" parent="World/Rock" instance=ExtResource("40_p6vs6")]
transform = Transform3D(1.03971, 0, 0, 0, 0.758473, 0.711133, 0, -0.711133, 0.758473, 85.5935, 1.8097, -307.543)

[node name="small_rock3" parent="World/Rock" instance=ExtResource("41_iqprh")]
transform = Transform3D(1.90236, 0, 0, 0, 1.38778, 1.30116, 0, -1.30116, 1.38778, 87.2078, 1.81674, -308.073)

[node name="small_rock" parent="World/Rock" instance=ExtResource("41_iqprh")]
transform = Transform3D(1.82971, 0, 0, 0, 1.82971, 0, 0, 0, 1.82971, 87.2318, 1.21678, -302.852)

[node name="large_rock" parent="World/Rock" instance=ExtResource("40_p6vs6")]
transform = Transform3D(1, 0, 0, 0, 1, 0, 0, 0, 1, 85.6792, 1.46312, -301.923)

[node name="Meydan Rock" type="Node3D" parent="World"]

[node name="VillageDaisy" parent="World/Meydan Rock" instance=ExtResource("31_mdgly")]
transform = Transform3D(-0.270869, 0, 0.962616, 0, 1, 0, -0.962616, 0, -0.270869, 193.155, 0.941249, -364.046)
skeleton = NodePath("../../..")

[node name="VillageDaisy2" parent="World/Meydan Rock" instance=ExtResource("31_mdgly")]
transform = Transform3D(1, 0, 0, 0, 1, 0, 0, 0, 1, 191.832, 0.941249, -363.663)
skeleton = NodePath("../../..")

[node name="VillageDaisy3" parent="World/Meydan Rock" instance=ExtResource("31_mdgly")]
transform = Transform3D(1, 0, 0, 0, 1, 0, 0, 0, 1, 194.089, 0.941249, -366.126)
skeleton = NodePath("../../..")

[node name="VillageDaisy4" parent="World/Meydan Rock" instance=ExtResource("31_mdgly")]
transform = Transform3D(0.9139, 0, -0.405939, 0, 1, 0, 0.405939, 0, 0.9139, 193.903, 0.94125, -365.046)
skeleton = NodePath("../../..")

[node name="VillageDaisy5" parent="World/Meydan Rock" instance=ExtResource("31_mdgly")]
transform = Transform3D(0.512493, 0, -0.858692, 0, 1, 0, 0.858692, 0, 0.512493, 193.903, 0.94125, -367.046)
skeleton = NodePath("../../..")

[node name="VillageDaisy6" parent="World/Meydan Rock" instance=ExtResource("31_mdgly")]
transform = Transform3D(-0.545254, 0, -0.838271, 0, 1, 0, 0.838271, 0, -0.545254, 193.254, 0.94125, -367.877)
skeleton = NodePath("../../..")

[node name="VillageDaisy7" parent="World/Meydan Rock" instance=ExtResource("31_mdgly")]
transform = Transform3D(0.933968, 0, -0.357358, 0, 1, 0, 0.357358, 0, 0.933968, 191.99, 0.94125, -368.609)
skeleton = NodePath("../../..")

[node name="VillageDaisy8" parent="World/Meydan Rock" instance=ExtResource("31_mdgly")]
transform = Transform3D(0.751299, 0, 0.659962, 0, 1, 0, -0.659962, 0, 0.751299, 190.303, 0.94125, -368.218)
skeleton = NodePath("../../..")

[node name="VillageDaisy9" parent="World/Meydan Rock" instance=ExtResource("31_mdgly")]
transform = Transform3D(-0.36616, 0, 0.930552, 0, 1, 0, -0.930552, 0, -0.36616, 189.2, 0.94125, -366.538)
skeleton = NodePath("../../..")

[node name="VillageDaisy10" parent="World/Meydan Rock" instance=ExtResource("31_mdgly")]
transform = Transform3D(0.332491, 0, 0.943107, 0, 1, 0, -0.943107, 0, 0.332491, 189.857, 0.94125, -364.771)
skeleton = NodePath("../../..")

[node name="VillageBoulder" parent="World/Meydan Rock" instance=ExtResource("32_27v1n")]
transform = Transform3D(1, 0, 0, 0, 1, 0, 0, 0, 1, 191.582, 0.941249, -366.011)
skeleton = NodePath("../../..")

[node name="Kilise" type="Node3D" parent="World"]

[node name="VillageChapel" parent="World/Kilise" instance=ExtResource("24_q2hxh")]
transform = Transform3D(1, 0, 0, 0, 1, 0, 0, 0, 1, 178.542, 0.941249, -399.999)
skeleton = NodePath("../../..")

[node name="VillageWell" parent="World/Kilise" instance=ExtResource("22_i70k4")]
transform = Transform3D(1, 0, 0, 0, 1, 0, 0, 0, 1, 187.16, 0.941127, -395.151)
skeleton = NodePath("../../..")

[node name="VillageObelisk2" parent="World/Kilise" instance=ExtResource("21_qqeqw")]
transform = Transform3D(1, 0, 0, 0, 1, 0, 0, 0, 1, 195.161, 0.941249, -399.694)
skeleton = NodePath("../../..")

[node name="VillageHouseBlue" parent="World/Kilise" instance=ExtResource("28_gq1u3")]
transform = Transform3D(0.956019, 0, 0.293306, 0, 1, 0, -0.293306, 0, 0.956019, 138.682, 0.941005, -356.043)
skeleton = NodePath("../../..")

[node name="VillageCrate" type="Node3D" parent="World"]

[node name="VillageCrate" parent="World/VillageCrate" instance=ExtResource("18_a2dgk")]
transform = Transform3D(0.954433, 0, -0.298425, 0, 1, 0, 0.298425, 0, 0.954433, 97.2249, 0.941249, -402.898)
skeleton = NodePath("../../..")

[node name="VillageCrate2" parent="World/VillageCrate" instance=ExtResource("18_a2dgk")]
transform = Transform3D(0.988631, 0, 0.150364, 0, 1, 0, -0.150364, 0, 0.988631, 96.9985, 0.941249, -401.116)
skeleton = NodePath("../../..")

[node name="VillageCrate3" parent="World/VillageCrate" instance=ExtResource("18_a2dgk")]
transform = Transform3D(0.954433, 0, -0.298425, 0, 1, 0, 0.298425, 0, 0.954433, 98.811, 0.941249, -402.725)
skeleton = NodePath("../../..")

[node name="VillageCrate4" parent="World/VillageCrate" instance=ExtResource("18_a2dgk")]
transform = Transform3D(0.954433, 0, -0.298425, 0, 1, 0, 0.298425, 0, 0.954433, 98.7091, 0.941249, -400.952)
skeleton = NodePath("../../..")

[node name="VillageCrate5" parent="World/VillageCrate" instance=ExtResource("18_a2dgk")]
transform = Transform3D(0.999038, 0, 0.0438635, 0, 1, 0, -0.0438635, 0, 0.999038, 98.0581, 2.29162, -401.433)
skeleton = NodePath("../../..")

[node name="VillageCrate7" parent="World/VillageCrate" instance=ExtResource("18_a2dgk")]
transform = Transform3D(0.954433, 0, -0.298425, 0, 1, 0, 0.298425, 0, 0.954433, 98.3942, 2.29162, -403.016)
skeleton = NodePath("../../..")

[node name="VillageCrate8" parent="World/VillageCrate" instance=ExtResource("18_a2dgk")]
transform = Transform3D(0.999268, 0, 0.0382657, 0, 1, 0, -0.0382657, 0, 0.999268, 98.5257, 3.74058, -402.186)
skeleton = NodePath("../../..")

[node name="VillageCrate6" parent="World/VillageCrate" instance=ExtResource("18_a2dgk")]
transform = Transform3D(0.599303, 0, -0.800522, 0, 1, 0, 0.800522, 0, 0.599303, 98.0033, 0.941249, -404.564)
skeleton = NodePath("../../..")

[node name="VillageFence" type="Node3D" parent="World"]
transform = Transform3D(1, 0, 0, 0, 1, 0, 0, 0, 1, 143.013, 0.941249, -389.427)

