[gd_scene load_steps=36 format=3 uid="uid://x80585b1cmir"]

[ext_resource type="PackedScene" uid="uid://bjjceeyq3csc3" path="res://Assets/Dynamic Sky/Sky.tscn" id="1_571l2"]
[ext_resource type="Script" path="res://addons/ultimate_character/ucharacterbody3d.gd" id="2_vj64p"]
[ext_resource type="PackedScene" uid="uid://bttfxycfxac75" path="res://Scenes/Fary.tscn" id="3_rgqqc"]
[ext_resource type="PackedScene" uid="uid://cnhgwmv4x8iij" path="res://Scenes/Village/village_farm_cabbage.tscn" id="4_vbglp"]
[ext_resource type="PackedScene" uid="uid://bu7n0r7240tpp" path="res://Scenes/Village/village_farm_wheat.tscn" id="5_p66yq"]
[ext_resource type="PackedScene" uid="uid://bq5ko5oo460aj" path="res://Scenes/Village/village_farm_carrot.tscn" id="6_qpp1t"]
[ext_resource type="PackedScene" uid="uid://xqrbw46elhb2" path="res://Scenes/Village/village_hay_bale.tscn" id="7_qndfi"]
[ext_resource type="PackedScene" uid="uid://df12d2kc86jwc" path="res://Scenes/Village/village_hay_cart.tscn" id="8_ku185"]
[ext_resource type="PackedScene" uid="uid://c41c1h1x6fnon" path="res://Scenes/Village/village_market_stall_red.tscn" id="9_pbx3l"]
[ext_resource type="PackedScene" uid="uid://db1v58gq1f5ks" path="res://Scenes/Village/village_market_stall_blue.tscn" id="10_qb862"]
[ext_resource type="PackedScene" uid="uid://c62h3tqhrtgj8" path="res://Scenes/Village/village_hay_pile.tscn" id="11_su81k"]
[ext_resource type="PackedScene" uid="uid://dd25jp3ps7808" path="res://Scenes/Village/village_windmill.tscn" id="12_6yv27"]
[ext_resource type="Material" uid="uid://dk1l3pp86ehcl" path="res://Materials/mat_retroVillage_grass.material" id="13_5pmf7"]
[ext_resource type="PackedScene" uid="uid://byqkflbb0unyb" path="res://Scenes/Village/village_crate.tscn" id="14_kmeix"]
[ext_resource type="PackedScene" uid="uid://u4aoyemilmfc" path="res://Scenes/Village/village_sphere_001.tscn" id="15_uxpf4"]
[ext_resource type="PackedScene" uid="uid://b5f7dwcvynr2b" path="res://Scenes/Village/village_barn.tscn" id="16_wdseu"]
[ext_resource type="PackedScene" uid="uid://dhdsnnjhkth2r" path="res://Scenes/Village/village_house_purple.tscn" id="17_xr8kg"]
[ext_resource type="PackedScene" uid="uid://bb16y4mg1e8ul" path="res://Scenes/Village/village_house_2_story_purple.tscn" id="18_ai571"]
[ext_resource type="PackedScene" uid="uid://co1va8134jmf" path="res://Scenes/Village/village_fence.tscn" id="19_keluh"]
[ext_resource type="PackedScene" uid="uid://tufclidviun5" path="res://Scenes/Village/village_chapel.tscn" id="20_p1vs1"]
[ext_resource type="PackedScene" uid="uid://b4t8l0dblfp6n" path="res://Scenes/Village/village_well.tscn" id="21_hjscj"]
[ext_resource type="PackedScene" uid="uid://davhs1x8503gb" path="res://Scenes/Village/village_fence_002.tscn" id="22_cml6b"]
[ext_resource type="PackedScene" uid="uid://d3bprkpnuoy7" path="res://Scenes/Village/village_arch.tscn" id="23_fy3ns"]
[ext_resource type="PackedScene" uid="uid://dmtwxp0rvb6ck" path="res://Scenes/Village/village_obelisk.tscn" id="24_546bs"]
[ext_resource type="PackedScene" uid="uid://bo2tobf528uat" path="res://Scenes/Village/village_house_blue.tscn" id="25_8ege1"]
[ext_resource type="PackedScene" uid="uid://c6ibdht75jlsb" path="res://Scenes/Village/village_tombstone_1001.tscn" id="26_0vl8e"]
[ext_resource type="PackedScene" uid="uid://djn36qw0rs7c" path="res://Scenes/Village/village_grave_1001.tscn" id="27_fakrp"]
[ext_resource type="PackedScene" uid="uid://h4eahh5sihy5" path="res://Scenes/Village/village_tombstone_2001.tscn" id="28_0incp"]
[ext_resource type="PackedScene" uid="uid://bcokyesbj1wwh" path="res://Scenes/Village/village_pond.tscn" id="29_1yrc2"]
[ext_resource type="PackedScene" uid="uid://b2vjuyy81mypf" path="res://Scenes/Village/village_potted_bush.tscn" id="30_p5g1j"]
[ext_resource type="PackedScene" uid="uid://hs0my2qh2np" path="res://Scenes/Village/village_daisy.tscn" id="31_dt1d5"]
[ext_resource type="PackedScene" uid="uid://ba1d02vyeadh6" path="res://Scenes/Village/village_boulder.tscn" id="32_hjiet"]

[sub_resource type="CapsuleShape3D" id="CapsuleShape3D_hxkfi"]

[sub_resource type="CapsuleShape3D" id="CapsuleShape3D_x7nrf"]
height = 1.3

[sub_resource type="PlaneMesh" id="PlaneMesh_aey47"]

[node name="Node3D" type="Node3D"]

[node name="Camera And Light" type="Node3D" parent="."]

[node name="Light" parent="Camera And Light" instance=ExtResource("1_571l2")]
transform = Transform3D(0.596533, 0.432305, 0.676211, -0.72264, -0.0772707, 0.686892, 0.349198, -0.898411, 0.266306, 0, 0, 0)

[node name="Sun" parent="Camera And Light/Light" index="1"]
transform = Transform3D(0.920626, 0, -0.390445, -0.390445, -4.37114e-08, -0.920626, -1.70669e-08, 1, -4.02418e-08, 0, 0, 0)
light_energy = 1.0
directional_shadow_blend_splits = true

[node name="Moon" parent="Camera And Light/Light" index="2"]
transform = Transform3D(0.995978, 0, 0.0895896, 0.0189377, -0.977403, -0.210533, 0.0875651, 0.211383, -0.973473, 0, 0, 0)

[node name="UCharacterBody3D" type="CharacterBody3D" parent="."]
transform = Transform3D(1, 0, 0, 0, 1, 0, 0, 0, 1, 176.69, 1.0661, -365.731)
script = ExtResource("2_vj64p")
LEFT = "ui_left"
RIGHT = "ui_right"
FORWARD = "ui_forward"
BACKWARD = "ui_backward"
JUMP = "space"

[node name="CollisionShapeNormal" type="CollisionShape3D" parent="UCharacterBody3D"]
transform = Transform3D(1, 0, 0, 0, 1, 0, 0, 0, 1, 0, 1, 0)
shape = SubResource("CapsuleShape3D_hxkfi")

[node name="CollisionShapeCrouch" type="CollisionShape3D" parent="UCharacterBody3D"]
transform = Transform3D(1, 0, 0, 0, 1, 0, 0, 0, 1, 0, 0.65, 0)
shape = SubResource("CapsuleShape3D_x7nrf")
disabled = true

[node name="Head" type="Node3D" parent="UCharacterBody3D"]
transform = Transform3D(1, 0, 0, 0, 1, 0, 0, 0, 1, 0, 1.8, 0)

[node name="Camera" type="Camera3D" parent="UCharacterBody3D/Head"]
transform = Transform3D(1, 0, 0, 0, 0.889384, 0.45716, 0, -0.45716, 0.889384, 0.252213, 4.08212, 3.3526)
fov = 130.0

[node name="RayCast3D" type="RayCast3D" parent="UCharacterBody3D"]
target_position = Vector3(0, 2, 0)

[node name="Fary" parent="UCharacterBody3D" instance=ExtResource("3_rgqqc")]
transform = Transform3D(-1, 0, -8.74228e-08, 0, 1, 0, 8.74228e-08, 0, -1, 0, 0.785377, 0)

[node name="Skeleton3D" parent="UCharacterBody3D/Fary/Sketchfab_model/Navi_fbx/Object_2/RootNode/Object_4" index="0"]
bones/2/position = Vector3(-1.16415e-10, 0.001469, 2.12051)
bones/3/rotation = Quaternion(-0.810118, 0.00752093, -0.024306, 0.585715)
bones/4/rotation = Quaternion(-0.531956, 0.0247331, -0.00593056, 0.84639)

[node name="Object_7" parent="UCharacterBody3D/Fary/Sketchfab_model/Navi_fbx/Object_2/RootNode/Object_4/Skeleton3D" index="0"]
transform = Transform3D(1, 0, 0, 0, 1, 0, 0, 0, 1, 0, 0, 0)

[node name="Object_8" parent="UCharacterBody3D/Fary/Sketchfab_model/Navi_fbx/Object_2/RootNode/Object_4/Skeleton3D" index="1"]
transform = Transform3D(1, 0, 0, 0, 1, 0, 0, 0, 1, 0, 0, 0)

[node name="World" type="Node" parent="."]

[node name="VillageFarmCabbage" type="Node3D" parent="World"]

[node name="VillageFarmCabbage" parent="World/VillageFarmCabbage" instance=ExtResource("4_vbglp")]
transform = Transform3D(-4.37114e-08, 0, 1, 0, 1, 0, -1, 0, -4.37114e-08, 151.329, 0.941249, -401.585)
skeleton = NodePath("../../..")

[node name="VillageFarmCabbage2" parent="World/VillageFarmCabbage" instance=ExtResource("4_vbglp")]
transform = Transform3D(-4.37114e-08, 0, 1, 0, 1, 0, -1, 0, -4.37114e-08, 151.329, 0.941249, -397.585)
skeleton = NodePath("../../..")

[node name="VillageFarmCabbage3" parent="World/VillageFarmCabbage" instance=ExtResource("4_vbglp")]
transform = Transform3D(-4.37114e-08, 0, 1, 0, 1, 0, -1, 0, -4.37114e-08, 151.329, 0.941249, -393.585)
skeleton = NodePath("../../..")

[node name="VillageFarmCabbage4" parent="World/VillageFarmCabbage" instance=ExtResource("4_vbglp")]
transform = Transform3D(-4.37114e-08, 0, 1, 0, 1, 0, -1, 0, -4.37114e-08, 155.329, 0.941249, -401.585)
skeleton = NodePath("../../..")

[node name="VillageFarmCabbage5" parent="World/VillageFarmCabbage" instance=ExtResource("4_vbglp")]
transform = Transform3D(-4.37114e-08, 0, 1, 0, 1, 0, -1, 0, -4.37114e-08, 155.329, 0.941249, -397.585)
skeleton = NodePath("../../..")

[node name="VillageFarmCabbage6" parent="World/VillageFarmCabbage" instance=ExtResource("4_vbglp")]
transform = Transform3D(-4.37114e-08, 0, 1, 0, 1, 0, -1, 0, -4.37114e-08, 155.329, 0.941249, -393.585)
skeleton = NodePath("../../..")

[node name="VillageFarmCabbage7" parent="World/VillageFarmCabbage" instance=ExtResource("4_vbglp")]
transform = Transform3D(-4.37114e-08, 0, 1, 0, 1, 0, -1, 0, -4.37114e-08, 159.329, 0.941249, -401.585)
skeleton = NodePath("../../..")

[node name="VillageFarmCabbage8" parent="World/VillageFarmCabbage" instance=ExtResource("4_vbglp")]
transform = Transform3D(-4.37114e-08, 0, 1, 0, 1, 0, -1, 0, -4.37114e-08, 159.329, 0.941249, -397.585)
skeleton = NodePath("../../..")

[node name="VillageFarmCabbage9" parent="World/VillageFarmCabbage" instance=ExtResource("4_vbglp")]
transform = Transform3D(-4.37114e-08, 0, 1, 0, 1, 0, -1, 0, -4.37114e-08, 159.329, 0.941249, -393.585)
skeleton = NodePath("../../..")

[node name="VillageFarmCabbage10" parent="World/VillageFarmCabbage" instance=ExtResource("4_vbglp")]
transform = Transform3D(-4.37114e-08, 0, 1, 0, 1, 0, -1, 0, -4.37114e-08, 137.329, 0.941249, -401.585)
skeleton = NodePath("../../..")

[node name="VillageFarmCabbage11" parent="World/VillageFarmCabbage" instance=ExtResource("4_vbglp")]
transform = Transform3D(-4.37114e-08, 0, 1, 0, 1, 0, -1, 0, -4.37114e-08, 137.329, 0.941249, -397.585)
skeleton = NodePath("../../..")

[node name="VillageFarmCabbage12" parent="World/VillageFarmCabbage" instance=ExtResource("4_vbglp")]
transform = Transform3D(-4.37114e-08, 0, 1, 0, 1, 0, -1, 0, -4.37114e-08, 137.329, 0.941249, -393.585)
skeleton = NodePath("../../..")

[node name="VillageFarmCabbage13" parent="World/VillageFarmCabbage" instance=ExtResource("4_vbglp")]
transform = Transform3D(-4.37114e-08, 0, 1, 0, 1, 0, -1, 0, -4.37114e-08, 141.329, 0.941249, -401.585)
skeleton = NodePath("../../..")

[node name="VillageFarmCabbage14" parent="World/VillageFarmCabbage" instance=ExtResource("4_vbglp")]
transform = Transform3D(-4.37114e-08, 0, 1, 0, 1, 0, -1, 0, -4.37114e-08, 141.329, 0.941249, -397.585)
skeleton = NodePath("../../..")

[node name="VillageFarmCabbage15" parent="World/VillageFarmCabbage" instance=ExtResource("4_vbglp")]
transform = Transform3D(-4.37114e-08, 0, 1, 0, 1, 0, -1, 0, -4.37114e-08, 141.329, 0.941249, -393.585)
skeleton = NodePath("../../..")

[node name="VillageFarmCabbage16" parent="World/VillageFarmCabbage" instance=ExtResource("4_vbglp")]
transform = Transform3D(-4.37114e-08, 0, 1, 0, 1, 0, -1, 0, -4.37114e-08, 145.329, 0.941249, -401.585)
skeleton = NodePath("../../..")

[node name="VillageFarmCabbage17" parent="World/VillageFarmCabbage" instance=ExtResource("4_vbglp")]
transform = Transform3D(-4.37114e-08, 0, 1, 0, 1, 0, -1, 0, -4.37114e-08, 145.329, 0.941249, -397.585)
skeleton = NodePath("../../..")

[node name="VillageFarmCabbage18" parent="World/VillageFarmCabbage" instance=ExtResource("4_vbglp")]
transform = Transform3D(-4.37114e-08, 0, 1, 0, 1, 0, -1, 0, -4.37114e-08, 145.329, 0.941249, -393.585)
skeleton = NodePath("../../..")

[node name="VillageFarmWheat" type="Node3D" parent="World"]
transform = Transform3D(1, 0, 0, 0, 1, 0, 0, 0, 1, 132, 1, -394)

[node name="VillageFarmWheat" parent="World/VillageFarmWheat" instance=ExtResource("5_p66yq")]
skeleton = NodePath("../..")

[node name="VillageFarmWheat2" parent="World/VillageFarmWheat" instance=ExtResource("5_p66yq")]
transform = Transform3D(1, 0, 0, 0, 1, 0, 0, 0, 1, -4, 0, 0)
skeleton = NodePath("../..")

[node name="VillageFarmWheat3" parent="World/VillageFarmWheat" instance=ExtResource("5_p66yq")]
transform = Transform3D(1, 0, 0, 0, 1, 0, 0, 0, 1, -8, 0, 0)
skeleton = NodePath("../..")

[node name="VillageFarmWheat4" parent="World/VillageFarmWheat" instance=ExtResource("5_p66yq")]
transform = Transform3D(1, 0, 0, 0, 1, 0, 0, 0, 1, 0, 0, -4)
skeleton = NodePath("../..")

[node name="VillageFarmWheat5" parent="World/VillageFarmWheat" instance=ExtResource("5_p66yq")]
transform = Transform3D(1, 0, 0, 0, 1, 0, 0, 0, 1, -4, 0, -4)
skeleton = NodePath("../..")

[node name="VillageFarmWheat6" parent="World/VillageFarmWheat" instance=ExtResource("5_p66yq")]
transform = Transform3D(1, 0, 0, 0, 1, 0, 0, 0, 1, -8, 0, -4)
skeleton = NodePath("../..")

[node name="VillageFarmWheat7" parent="World/VillageFarmWheat" instance=ExtResource("5_p66yq")]
transform = Transform3D(1, 0, 0, 0, 1, 0, 0, 0, 1, 0, 0, -8)
skeleton = NodePath("../..")

[node name="VillageFarmWheat8" parent="World/VillageFarmWheat" instance=ExtResource("5_p66yq")]
transform = Transform3D(1, 0, 0, 0, 1, 0, 0, 0, 1, -4, 0, -8)
skeleton = NodePath("../..")

[node name="VillageFarmWheat9" parent="World/VillageFarmWheat" instance=ExtResource("5_p66yq")]
transform = Transform3D(1, 0, 0, 0, 1, 0, 0, 0, 1, -8, 0, -8)
skeleton = NodePath("../..")

[node name="VillageFarmWheat10" parent="World/VillageFarmWheat" instance=ExtResource("5_p66yq")]
transform = Transform3D(1, 0, 0, 0, 1, 0, 0, 0, 1, 0, 0, -12)
skeleton = NodePath("../..")

[node name="VillageFarmWheat11" parent="World/VillageFarmWheat" instance=ExtResource("5_p66yq")]
transform = Transform3D(1, 0, 0, 0, 1, 0, 0, 0, 1, -4, 0, -12)
skeleton = NodePath("../..")

[node name="VillageFarmWheat12" parent="World/VillageFarmWheat" instance=ExtResource("5_p66yq")]
transform = Transform3D(1, 0, 0, 0, 1, 0, 0, 0, 1, -8, 0, -12)
skeleton = NodePath("../..")

[node name="VillageFarmWheat13" parent="World/VillageFarmWheat" instance=ExtResource("5_p66yq")]
transform = Transform3D(1, 0, 0, 0, 1, 0, 0, 0, 1, 0, 0, -16)
skeleton = NodePath("../..")

[node name="VillageFarmWheat14" parent="World/VillageFarmWheat" instance=ExtResource("5_p66yq")]
transform = Transform3D(1, 0, 0, 0, 1, 0, 0, 0, 1, -4, 0, -16)
skeleton = NodePath("../..")

[node name="VillageFarmWheat15" parent="World/VillageFarmWheat" instance=ExtResource("5_p66yq")]
transform = Transform3D(1, 0, 0, 0, 1, 0, 0, 0, 1, -8, 0, -16)
skeleton = NodePath("../..")

[node name="VillageFarmWheat16" parent="World/VillageFarmWheat" instance=ExtResource("5_p66yq")]
transform = Transform3D(1, 0, 0, 0, 1, 0, 0, 0, 1, 0, 0, -20)
skeleton = NodePath("../..")

[node name="VillageFarmWheat17" parent="World/VillageFarmWheat" instance=ExtResource("5_p66yq")]
transform = Transform3D(1, 0, 0, 0, 1, 0, 0, 0, 1, -4, 0, -20)
skeleton = NodePath("../..")

[node name="VillageFarmWheat18" parent="World/VillageFarmWheat" instance=ExtResource("5_p66yq")]
transform = Transform3D(1, 0, 0, 0, 1, 0, 0, 0, 1, -8, 0, -20)
skeleton = NodePath("../..")

[node name="VillageFarmCarrot" type="Node3D" parent="World"]
transform = Transform3D(1, 0, 0, 0, 1, 0, 0, 0, 1, 139, 1, -415)

[node name="VillageFarmCarrot" parent="World/VillageFarmCarrot" instance=ExtResource("6_qpp1t")]
transform = Transform3D(1, 0, 0, 0, 1, 0, 0, 0, 1, -2, 0, 3)
skeleton = NodePath("../../..")

[node name="VillageFarmCarrot2" parent="World/VillageFarmCarrot" instance=ExtResource("6_qpp1t")]
transform = Transform3D(1, 0, 0, 0, 1, 0, 0, 0, 1, -2, 0, 7)
skeleton = NodePath("../../..")

[node name="VillageFarmCarrot3" parent="World/VillageFarmCarrot" instance=ExtResource("6_qpp1t")]
transform = Transform3D(1, 0, 0, 0, 1, 0, 0, 0, 1, 2, 0, 3)
skeleton = NodePath("../../..")

[node name="VillageFarmCarrot4" parent="World/VillageFarmCarrot" instance=ExtResource("6_qpp1t")]
transform = Transform3D(1, 0, 0, 0, 1, 0, 0, 0, 1, 2, 0, 7)
skeleton = NodePath("../../..")

[node name="VillageFarmCarrot5" parent="World/VillageFarmCarrot" instance=ExtResource("6_qpp1t")]
transform = Transform3D(1, 0, 0, 0, 1, 0, 0, 0, 1, 6, 0, 3)
skeleton = NodePath("../../..")

[node name="VillageFarmCarrot6" parent="World/VillageFarmCarrot" instance=ExtResource("6_qpp1t")]
transform = Transform3D(1, 0, 0, 0, 1, 0, 0, 0, 1, 6, 0, 7)
skeleton = NodePath("../../..")

[node name="VillageFarmCarrot7" parent="World/VillageFarmCarrot" instance=ExtResource("6_qpp1t")]
transform = Transform3D(1, 0, 0, 0, 1, 0, 0, 0, 1, 10, 0, 3)
skeleton = NodePath("../../..")

[node name="VillageFarmCarrot8" parent="World/VillageFarmCarrot" instance=ExtResource("6_qpp1t")]
transform = Transform3D(1, 0, 0, 0, 1, 0, 0, 0, 1, 10, 0, 7)
skeleton = NodePath("../../..")

[node name="VillageHayBale" type="Node3D" parent="World"]
transform = Transform3D(1, 0, 0, 0, 1, 0, 0, 0, 1, 145.74, 0.941249, -417.089)

[node name="VillageHayBale" parent="World/VillageHayBale" instance=ExtResource("7_qndfi")]
transform = Transform3D(1, 0, 0, 0, 1, 0, 0, 0, 1, -2.34238, 0, -0.0498962)
skeleton = NodePath("../../..")

[node name="VillageHayBale2" parent="World/VillageHayBale" instance=ExtResource("7_qndfi")]
transform = Transform3D(1, 0, 0, 0, 1, 0, 0, 0, 1, 6.65762, 0, -0.0498962)
skeleton = NodePath("../../..")

[node name="VillageHayBale3" parent="World/VillageHayBale" instance=ExtResource("7_qndfi")]
transform = Transform3D(0.963532, 0, -0.267592, 0, 1, 0, 0.267592, 0, 0.963532, -11.6383, 9.53674e-07, -2.00348)
skeleton = NodePath("../../..")

[node name="VillageHayBale4" parent="World/VillageHayBale" instance=ExtResource("7_qndfi")]
transform = Transform3D(0.963532, 0, -0.267592, 0, 1, 0, 0.267592, 0, 0.963532, 12.3896, 9.53674e-07, -4.74997)
skeleton = NodePath("../../..")

[node name="VillageHayBale5" parent="World/VillageHayBale" instance=ExtResource("7_qndfi")]
transform = Transform3D(0.963532, 0, -0.267592, 0, 1, 0, 0.267592, 0, 0.963532, 5.72232, 9.53674e-07, -8.71176)
skeleton = NodePath("../../..")

[node name="VillageHayBale6" parent="World/VillageHayBale" instance=ExtResource("7_qndfi")]
transform = Transform3D(0.990929, 0, -0.134384, 0, 1, 0, 0.134384, 0, 0.990929, 19.3145, 9.53674e-07, -8.15475)
skeleton = NodePath("../../..")

[node name="VillageHayBale7" parent="World/VillageHayBale" instance=ExtResource("7_qndfi")]
transform = Transform3D(0.990929, 0, -0.134384, 0, 1, 0, 0.134384, 0, 0.990929, 23.9188, 9.53674e-07, -2.48459)
skeleton = NodePath("../../..")

[node name="VillageHayBale8" parent="World/VillageHayBale" instance=ExtResource("7_qndfi")]
transform = Transform3D(0.990929, 0, -0.134384, 0, 1, 0, 0.134384, 0, 0.990929, 25.1566, 9.53674e-07, -12.376)
skeleton = NodePath("../../..")

[node name="VillageHayBale9" parent="World/VillageHayBale" instance=ExtResource("7_qndfi")]
transform = Transform3D(0.990929, 0, -0.134384, 0, 1, 0, 0.134384, 0, 0.990929, 12.0979, 0, -13.6568)
skeleton = NodePath("../../..")

[node name="VillageHayBale10" parent="World/VillageHayBale" instance=ExtResource("7_qndfi")]
transform = Transform3D(0.990929, 0, -0.134384, 0, 1, 0, 0.134384, 0, 0.990929, -21.7276, 0, -5.04892)
skeleton = NodePath("../../..")

[node name="VillageHayBale11" parent="World/VillageHayBale" instance=ExtResource("7_qndfi")]
transform = Transform3D(0.990929, 0, -0.134384, 0, 1, 0, 0.134384, 0, 0.990929, -27.2748, 0, 0.161774)
skeleton = NodePath("../../..")

[node name="VillageHayBale12" parent="World/VillageHayBale" instance=ExtResource("7_qndfi")]
transform = Transform3D(0.990929, 0, -0.134384, 0, 1, 0, 0.134384, 0, 0.990929, -31.1053, 0, -6.09729)
skeleton = NodePath("../../..")

[node name="VillageHayBale13" parent="World/VillageHayBale" instance=ExtResource("7_qndfi")]
transform = Transform3D(0.990929, 0, -0.134384, 0, 1, 0, 0.134384, 0, 0.990929, -35.741, 0, -1.68018)
skeleton = NodePath("../../..")

[node name="VillageHayBale14" parent="World/VillageHayBale" instance=ExtResource("7_qndfi")]
transform = Transform3D(0.990929, 0, -0.134384, 0, 1, 0, 0.134384, 0, 0.990929, -40.7599, 0, -7.86435)
skeleton = NodePath("../../..")

[node name="VillageHayBale15" parent="World/VillageHayBale" instance=ExtResource("7_qndfi")]
transform = Transform3D(0.994495, 0, 0.104789, 0, 1, 0, -0.104789, 0, 0.994495, -24.6356, 2.38419e-07, 21.4772)
skeleton = NodePath("../../..")

[node name="VillageHayBale23" parent="World/VillageHayBale" instance=ExtResource("7_qndfi")]
transform = Transform3D(0.987998, 0, -0.154469, 0, 1, 0, 0.154469, 0, 0.987998, -25.2181, 2.38419e-07, 24.2923)
skeleton = NodePath("../../..")

[node name="VillageHayBale24" parent="World/VillageHayBale" instance=ExtResource("7_qndfi")]
transform = Transform3D(0.419435, 0.788195, -0.450358, -0.888806, 0.45748, -0.0271188, 0.184655, 0.411656, 0.892436, -23.8495, 0.653862, 23.6059)
skeleton = NodePath("../../..")

[node name="VillageHayBale19" parent="World/VillageHayBale" instance=ExtResource("7_qndfi")]
transform = Transform3D(0.994495, 0, 0.104789, 0, 1, 0, -0.104789, 0, 0.994495, -26.3972, 2.38419e-07, 20.3961)
skeleton = NodePath("../../..")

[node name="VillageHayBale20" parent="World/VillageHayBale" instance=ExtResource("7_qndfi")]
transform = Transform3D(0.824521, 0, 0.565831, 0, 1, 0, -0.565831, 0, 0.824521, -24.6104, 1.50343, 20.2078)
skeleton = NodePath("../../..")

[node name="VillageHayBale21" parent="World/VillageHayBale" instance=ExtResource("7_qndfi")]
transform = Transform3D(0.824521, 0, 0.565831, 0, 1, 0, -0.565831, 0, 0.824521, -23.5272, 1.50343, 18.2516)
skeleton = NodePath("../../..")

[node name="VillageHayBale22" parent="World/VillageHayBale" instance=ExtResource("7_qndfi")]
transform = Transform3D(0.886228, -0.357105, -0.295087, 3.60826e-08, 0.636993, -0.770869, 0.46325, 0.683166, 0.564521, -24.5614, 2.08503, 22.0697)
skeleton = NodePath("../../..")

[node name="VillageHayBale25" parent="World/VillageHayBale" instance=ExtResource("7_qndfi")]
transform = Transform3D(0.0241183, 0.770645, 0.636808, 1.32443e-08, 0.636993, -0.770869, -0.999709, 0.018592, 0.0153631, -23.1818, 2.08503, 20.8117)
skeleton = NodePath("../../..")

[node name="VillageHayBale16" parent="World/VillageHayBale" instance=ExtResource("7_qndfi")]
transform = Transform3D(0.995094, 0, -0.0989377, 0, 1, 0, 0.0989377, 0, 0.995094, -22.8947, 2.38419e-07, 21.2775)
skeleton = NodePath("../../..")

[node name="VillageHayBale17" parent="World/VillageHayBale" instance=ExtResource("7_qndfi")]
transform = Transform3D(0.993485, 0, 0.113966, 0, 1, 0, -0.113966, 0, 0.993485, -23.1838, 2.38419e-07, 18.7567)
skeleton = NodePath("../../..")

[node name="VillageHayBale18" parent="World/VillageHayBale" instance=ExtResource("7_qndfi")]
transform = Transform3D(0.933154, 0, 0.359476, 0, 1, 0, -0.359476, 0, 0.933154, -25.1399, 2.38419e-07, 18.981)
skeleton = NodePath("../../..")

[node name="VillageHayCart" type="Node3D" parent="World"]

[node name="VillageHayCart" parent="World/VillageHayCart" instance=ExtResource("8_ku185")]
transform = Transform3D(1, 0, 0, 0, 1, 0, 0, 0, 1, 177.212, 0.941249, -430.015)
skeleton = NodePath("../../..")

[node name="Bazaar" type="Node3D" parent="World"]

[node name="VillageMarketStallRed" parent="World/Bazaar" instance=ExtResource("9_pbx3l")]
transform = Transform3D(-0.0524231, 0, 0.998625, 0, 1, 0, -0.998625, 0, -0.0524231, 95.1105, 0.941249, -377.629)
skeleton = NodePath("../../..")

[node name="VillageMarketStallRed2" parent="World/Bazaar" instance=ExtResource("9_pbx3l")]
transform = Transform3D(-0.0524231, 0, 0.998625, 0, 1, 0, -0.998625, 0, -0.0524231, 100.11, 0.941249, -362.629)
skeleton = NodePath("../../..")

[node name="VillageMarketStallRed5" parent="World/Bazaar" instance=ExtResource("9_pbx3l")]
transform = Transform3D(-0.0457117, 0, -0.998955, 0, 1, 0, 0.998955, 0, -0.0457117, 120.073, 0.941249, -354.406)
skeleton = NodePath("../../..")

[node name="VillageMarketStallRed6" parent="World/Bazaar" instance=ExtResource("9_pbx3l")]
transform = Transform3D(-0.0457117, 0, -0.998955, 0, 1, 0, 0.998955, 0, -0.0457117, 120.073, 0.941249, -364.406)
skeleton = NodePath("../../..")

[node name="VillageMarketStallRed7" parent="World/Bazaar" instance=ExtResource("9_pbx3l")]
transform = Transform3D(-0.967753, 0, 0.2519, 0, 1, 0, -0.2519, 0, -0.967753, 100.839, 0.941249, -349.866)
skeleton = NodePath("../../..")

[node name="VillageMarketStallRed3" parent="World/Bazaar" instance=ExtResource("9_pbx3l")]
transform = Transform3D(0.973163, 0, -0.230118, 0, 1, 0, 0.230118, 0, 0.973163, 106.483, 0.941247, -387.109)
skeleton = NodePath("../../..")

[node name="VillageMarketStallRed4" parent="World/Bazaar" instance=ExtResource("9_pbx3l")]
transform = Transform3D(0.992433, 0, 0.122787, 0, 1, 0, -0.122787, 0, 0.992433, 96.5459, 0.941247, -391.618)
skeleton = NodePath("../../..")

[node name="VillageMarketStallBlue" parent="World/Bazaar" instance=ExtResource("10_qb862")]
transform = Transform3D(0.144563, 0, 0.989496, 0, 1, 0, -0.989496, 0, 0.144563, 111.104, 0.941249, -364.683)
skeleton = NodePath("../../..")

[node name="VillageMarketStallBlue2" parent="World/Bazaar" instance=ExtResource("10_qb862")]
transform = Transform3D(-0.999308, 0, 0.0371844, 0, 1, 0, -0.0371844, 0, -0.999308, 112.209, 0.941249, -349.527)
skeleton = NodePath("../../..")

[node name="VillageHayPile" type="Node3D" parent="World"]

[node name="VillageHayPile" parent="World/VillageHayPile" instance=ExtResource("11_su81k")]
transform = Transform3D(1, 0, 0, 0, 1, 0, 0, 0, 1, 174.37, 0.941249, -425.831)
skeleton = NodePath("../../..")

[node name="VillageHayPile2" parent="World/VillageHayPile" instance=ExtResource("11_su81k")]
transform = Transform3D(0.881992, 0, 0, 0, 0.881992, 0, 0, 0, 0.881992, 174.074, 0.941249, -428.093)
skeleton = NodePath("../../..")

[node name="VillageHayPile3" parent="World/VillageHayPile" instance=ExtResource("11_su81k")]
transform = Transform3D(1, 0, 0, 0, 1, 0, 0, 0, 1, 122.144, 0.941248, -407.857)
skeleton = NodePath("../../..")

[node name="VillageHayPile4" parent="World/VillageHayPile" instance=ExtResource("11_su81k")]
transform = Transform3D(1, 0, 0, 0, 1, 0, 0, 0, 1, 126.144, 0.941248, -414.857)
skeleton = NodePath("../../..")

[node name="VillageHayPile5" parent="World/VillageHayPile" instance=ExtResource("11_su81k")]
transform = Transform3D(1, 0, 0, 0, 1, 0, 0, 0, 1, 107.144, 0.941248, -421.857)
skeleton = NodePath("../../..")

[node name="VillageHayPile6" parent="World/VillageHayPile" instance=ExtResource("11_su81k")]
transform = Transform3D(0.726978, 0.00963348, -0.0408035, -0.00651806, 0.726054, 0.0552878, 0.0414155, -0.0548309, 0.724936, 108.574, 0.941248, -422.81)
skeleton = NodePath("../../..")

[node name="Windmill" type="Node3D" parent="World"]
transform = Transform3D(1, 0, 0, 0, 1, 0, 0, 0, 1, 138.064, 0.941249, -428.48)

[node name="VillageWindmill" parent="World/Windmill" instance=ExtResource("12_6yv27")]
skeleton = NodePath("../../..")

[node name="VillageWindmill2" parent="World/Windmill" instance=ExtResource("12_6yv27")]
transform = Transform3D(1, 0, 0, 0, 1, 0, 0, 0, 1, 22.2319, 0, -11.5262)
skeleton = NodePath("../../..")

[node name="VillageWindmill3" parent="World/Windmill" instance=ExtResource("12_6yv27")]
transform = Transform3D(1, 0, 0, 0, 1, 0, 0, 0, 1, -23.1173, 0, -8.88297)
skeleton = NodePath("../../..")

[node name="Node3D" type="Node3D" parent="World"]

[node name="CSGMesh3D" type="CSGMesh3D" parent="World"]
transform = Transform3D(145.677, 0, 0, 0, 1, 0, 0, 0, 95.1191, 231.097, 0.941249, -395.841)
use_collision = true
mesh = SubResource("PlaneMesh_aey47")
material = ExtResource("13_5pmf7")
metadata/_edit_lock_ = true

[node name="VillageCrate" type="Node3D" parent="."]

[node name="VillageCrate" parent="VillageCrate" instance=ExtResource("14_kmeix")]
transform = Transform3D(0.954433, 0, -0.298425, 0, 1, 0, 0.298425, 0, 0.954433, 97.2249, 0.941249, -402.898)
skeleton = NodePath("../..")

[node name="VillageCrate2" parent="VillageCrate" instance=ExtResource("14_kmeix")]
transform = Transform3D(0.988631, 0, 0.150364, 0, 1, 0, -0.150364, 0, 0.988631, 96.9985, 0.941249, -401.116)
skeleton = NodePath("../..")

[node name="VillageCrate3" parent="VillageCrate" instance=ExtResource("14_kmeix")]
transform = Transform3D(0.954433, 0, -0.298425, 0, 1, 0, 0.298425, 0, 0.954433, 98.811, 0.941249, -402.725)
skeleton = NodePath("../..")

[node name="VillageCrate4" parent="VillageCrate" instance=ExtResource("14_kmeix")]
transform = Transform3D(0.954433, 0, -0.298425, 0, 1, 0, 0.298425, 0, 0.954433, 98.7091, 0.941249, -400.952)
skeleton = NodePath("../..")

[node name="VillageCrate5" parent="VillageCrate" instance=ExtResource("14_kmeix")]
transform = Transform3D(0.999038, 0, 0.0438635, 0, 1, 0, -0.0438635, 0, 0.999038, 98.0581, 2.29162, -401.433)
skeleton = NodePath("../..")

[node name="VillageCrate7" parent="VillageCrate" instance=ExtResource("14_kmeix")]
transform = Transform3D(0.954433, 0, -0.298425, 0, 1, 0, 0.298425, 0, 0.954433, 98.3942, 2.29162, -403.016)
skeleton = NodePath("../..")

[node name="VillageCrate8" parent="VillageCrate" instance=ExtResource("14_kmeix")]
transform = Transform3D(0.999268, 0, 0.0382657, 0, 1, 0, -0.0382657, 0, 0.999268, 98.5257, 3.74058, -402.186)
skeleton = NodePath("../..")

[node name="VillageCrate6" parent="VillageCrate" instance=ExtResource("14_kmeix")]
transform = Transform3D(0.599303, 0, -0.800522, 0, 1, 0, 0.800522, 0, 0.599303, 98.0033, 0.941249, -404.564)
skeleton = NodePath("../..")

[node name="VillageSphere001" parent="." instance=ExtResource("15_uxpf4")]
transform = Transform3D(0.821856, 0, 0, 0, 0.821856, 0, 0, 0, 0.821856, 113.857, 0.94125, -406.735)

[node name="VillageBarn" parent="." instance=ExtResource("16_wdseu")]
transform = Transform3D(1, 0, 0, 0, 1, 0, 0, 0, 1, 104.659, 0.941249, -406.556)

[node name="VillageHousePurple" parent="." instance=ExtResource("17_xr8kg")]
transform = Transform3D(0.154935, 0, 0.987925, 0, 1, 0, -0.987925, 0, 0.154935, 198.225, 0.941249, -374.303)

[node name="VillageHouse2StoryPurple" parent="." instance=ExtResource("18_ai571")]
transform = Transform3D(0.107722, 0, 0.994181, 0, 1, 0, -0.994181, 0, 0.107722, 126.494, 0.941249, -355.271)

[node name="VillageHouse2StoryPurple2" parent="." instance=ExtResource("18_ai571")]
transform = Transform3D(-0.0889116, 0, 0.99604, 0, 1, 0, -0.99604, 0, -0.0889116, 126.76, 0.941249, -363.897)

[node name="VillageHouse2StoryPurple3" parent="." instance=ExtResource("18_ai571")]
transform = Transform3D(0.246509, 0, 0.969141, 0, 1, 0, -0.969141, 0, 0.246509, 125.76, 0.941249, -378.897)

[node name="VillageHouse2StoryPurple4" parent="." instance=ExtResource("18_ai571")]
transform = Transform3D(-0.091519, 0, -0.995803, 0, 1, 0, 0.995803, 0, -0.091519, 139.548, 0.941247, -370.324)

[node name="VillageHouse2StoryPurple7" parent="." instance=ExtResource("18_ai571")]
transform = Transform3D(0.0915189, 0, 0.995803, 0, 1, 0, -0.995803, 0, 0.0915189, 148.201, 0.941247, -385.035)

[node name="VillageHouse2StoryPurple8" parent="." instance=ExtResource("18_ai571")]
transform = Transform3D(-0.0228793, 0, 0.999738, 0, 1, 0, -0.999738, 0, -0.0228793, 148.374, 0.941247, -376.17)

[node name="VillageHouse2StoryPurple9" parent="." instance=ExtResource("18_ai571")]
transform = Transform3D(0.0114316, 0, 0.999935, 0, 1, 0, -0.999935, 0, 0.0114316, 148.374, 0.941247, -367.237)

[node name="VillageHouse2StoryPurple10" parent="." instance=ExtResource("18_ai571")]
transform = Transform3D(-0.0899895, 0, 0.995943, 0, 1, 0, -0.995943, 0, -0.0899895, 148.876, 0.941247, -358.352)

[node name="VillageHouse2StoryPurple5" parent="." instance=ExtResource("18_ai571")]
transform = Transform3D(-0.0191451, 0, -0.999817, 0, 1, 0, 0.999817, 0, -0.0191451, 140.143, 0.941249, -378.617)

[node name="VillageHouse2StoryPurple6" parent="." instance=ExtResource("18_ai571")]
transform = Transform3D(0.0681197, 0, -0.997677, 0, 1, 0, 0.997677, 0, 0.0681197, 139.843, 0.941249, -386.517)

[node name="VillageFence" type="Node3D" parent="."]
transform = Transform3D(1, 0, 0, 0, 1, 0, 0, 0, 1, 143.013, 0.941249, -389.427)

[node name="VillageFence" parent="VillageFence" instance=ExtResource("19_keluh")]
skeleton = NodePath("../..")

[node name="VillageFence47" parent="VillageFence" instance=ExtResource("19_keluh")]
transform = Transform3D(0.995478, 0, -0.0949944, 0, 1, 0, 0.0949944, 0, 0.995478, -10.8512, 0, 0)
skeleton = NodePath("../..")

[node name="VillageFence48" parent="VillageFence" instance=ExtResource("19_keluh")]
transform = Transform3D(-0.996983, 0, -0.0776239, 0, 1, 0, 0.0776239, 0, -0.996983, -10.9384, 0, -0.371307)
skeleton = NodePath("../..")

[node name="VillageFence49" parent="VillageFence" instance=ExtResource("19_keluh")]
transform = Transform3D(-0.997486, 0, 0.0708708, 0, 1, 0, -0.0708708, 0, -0.997486, -14.9659, 0, -0.13089)
skeleton = NodePath("../..")

[node name="VillageFence50" parent="VillageFence" instance=ExtResource("19_keluh")]
transform = Transform3D(-0.998914, 0, 0.0465835, 0, 1, 0, -0.0465835, 0, -0.998914, -19.1163, 0, -0.413208)
skeleton = NodePath("../..")

[node name="VillageFence51" parent="VillageFence" instance=ExtResource("19_keluh")]
transform = Transform3D(-0.996983, 0, -0.0776239, 0, 1, 0, 0.0776239, 0, -0.996983, -23.2076, 0, -0.574585)
skeleton = NodePath("../..")

[node name="VillageFence52" parent="VillageFence" instance=ExtResource("19_keluh")]
transform = Transform3D(-0.997486, 0, 0.0708708, 0, 1, 0, -0.0708708, 0, -0.997486, -27.2351, 0, -0.334167)
skeleton = NodePath("../..")

[node name="VillageFence53" parent="VillageFence" instance=ExtResource("19_keluh")]
transform = Transform3D(-0.998914, 0, 0.0465835, 0, 1, 0, -0.0465835, 0, -0.998914, -31.3854, 0, -0.616486)
skeleton = NodePath("../..")

[node name="VillageFence54" parent="VillageFence" instance=ExtResource("19_keluh")]
transform = Transform3D(-0.901915, 0, 0.431913, 0, 1, 0, -0.431913, 0, -0.901915, -35.4486, -9.53674e-07, -0.842651)
skeleton = NodePath("../..")

[node name="VillageFence55" parent="VillageFence" instance=ExtResource("19_keluh")]
transform = Transform3D(-0.828011, 0, 0.560711, 0, 1, 0, -0.560711, 0, -0.828011, -39.0554, -9.53674e-07, -2.65076)
skeleton = NodePath("../..")

[node name="VillageFence56" parent="VillageFence" instance=ExtResource("19_keluh")]
transform = Transform3D(-0.841407, 0, 0.540402, 0, 1, 0, -0.540402, 0, -0.841407, -42.5069, -9.53674e-07, -4.9729)
skeleton = NodePath("../..")

[node name="VillageFence57" parent="VillageFence" instance=ExtResource("19_keluh")]
transform = Transform3D(-0.901138, 0, -0.433533, 0, 1, 0, 0.433533, 0, -0.901138, -46.4062, -1.90735e-06, -7.14703)
skeleton = NodePath("../..")

[node name="VillageFence58" parent="VillageFence" instance=ExtResource("19_keluh")]
transform = Transform3D(-0.955402, 0, -0.295308, 0, 1, 0, 0.295308, 0, -0.955402, -50.073, -1.90735e-06, -5.46387)
skeleton = NodePath("../..")

[node name="VillageFence59" parent="VillageFence" instance=ExtResource("19_keluh")]
transform = Transform3D(-0.947935, 0, -0.318463, 0, 1, 0, 0.318463, 0, -0.947935, -54.0437, -1.90735e-06, -4.22345)
skeleton = NodePath("../..")

[node name="VillageFence2" parent="VillageFence" instance=ExtResource("19_keluh")]
transform = Transform3D(1, 0, 0, 0, 1, 0, 0, 0, 1, 4.3, 0, 0)
skeleton = NodePath("../..")

[node name="VillageFence3" parent="VillageFence" instance=ExtResource("19_keluh")]
transform = Transform3D(1, 0, 0, 0, 1, 0, 0, 0, 1, 8.7, 0, 0)
skeleton = NodePath("../..")

[node name="VillageFence4" parent="VillageFence" instance=ExtResource("19_keluh")]
transform = Transform3D(1, 0, 0, 0, 1, 0, 0, 0, 1, 13.7, 0, 0)
skeleton = NodePath("../..")

[node name="VillageFence5" parent="VillageFence" instance=ExtResource("19_keluh")]
transform = Transform3D(0.64387, 0, 0.765135, 0, 1, 0, -0.765135, 0, 0.64387, 18.7308, 0, -0.200012)
skeleton = NodePath("../..")

[node name="VillageFence6" parent="VillageFence" instance=ExtResource("19_keluh")]
transform = Transform3D(-0.179043, 0, 0.983841, 0, 1, 0, -0.983841, 0, -0.179043, 21.2308, 0, -3.90002)
skeleton = NodePath("../..")

[node name="VillageFence7" parent="VillageFence" instance=ExtResource("19_keluh")]
transform = Transform3D(0.165392, 0, 0.986228, 0, 1, 0, -0.986228, 0, 0.165392, 20.7654, 0, -8.30188)
skeleton = NodePath("../..")

[node name="VillageFence8" parent="VillageFence" instance=ExtResource("19_keluh")]
transform = Transform3D(-0.174215, 0, 0.984708, 0, 1, 0, -0.984708, 0, -0.174215, 21.3626, 0, -12.7145)
skeleton = NodePath("../..")

[node name="VillageFence9" parent="VillageFence" instance=ExtResource("19_keluh")]
transform = Transform3D(-0.0373763, 0, 0.999301, 0, 1, 0, -0.999301, 0, -0.0373763, 20.7626, 0, -17.1145)
skeleton = NodePath("../..")

[node name="VillageFence10" parent="VillageFence" instance=ExtResource("19_keluh")]
transform = Transform3D(-0.0373763, 0, 0.999301, 0, 1, 0, -0.999301, 0, -0.0373763, 20.6488, 0, -21.4664)
skeleton = NodePath("../..")

[node name="VillageFence11" parent="VillageFence" instance=ExtResource("19_keluh")]
transform = Transform3D(0.986455, 0, 0.164032, 0, 1, 0, -0.164032, 0, 0.986455, 20.8594, 0, -25.2044)
skeleton = NodePath("../..")

[node name="VillageFence12" parent="VillageFence" instance=ExtResource("19_keluh")]
transform = Transform3D(0.986455, 0, 0.164032, 0, 1, 0, -0.164032, 0, 0.986455, 25.2594, 0, -25.9044)
skeleton = NodePath("../..")

[node name="VillageFence13" parent="VillageFence" instance=ExtResource("19_keluh")]
transform = Transform3D(0.536608, 0, 0.843832, 0, 1, 0, -0.843832, 0, 0.536608, 29.8398, 0, -27.0101)
skeleton = NodePath("../..")

[node name="VillageFence14" parent="VillageFence" instance=ExtResource("19_keluh")]
transform = Transform3D(0.697878, 0, 0.716217, 0, 1, 0, -0.716217, 0, 0.697878, 32.3669, 0, -30.906)
skeleton = NodePath("../..")

[node name="VillageFence15" parent="VillageFence" instance=ExtResource("19_keluh")]
transform = Transform3D(0.518102, 0, 0.855319, 0, 1, 0, -0.855319, 0, 0.518102, 35.4205, 0, -33.9596)
skeleton = NodePath("../..")

[node name="VillageFence16" parent="VillageFence" instance=ExtResource("19_keluh")]
transform = Transform3D(0.0873992, 0, 0.996173, 0, 1, 0, -0.996173, 0, 0.0873992, 37.7371, 0, -37.7503)
skeleton = NodePath("../..")

[node name="VillageFence17" parent="VillageFence" instance=ExtResource("19_keluh")]
transform = Transform3D(-0.0505406, 0, 0.998722, 0, 1, 0, -0.998722, 0, -0.0505406, 38.053, 0, -42.1201)
skeleton = NodePath("../..")

[node name="VillageFence18" parent="VillageFence" instance=ExtResource("19_keluh")]
transform = Transform3D(-0.241261, 0, 0.97046, 0, 1, 0, -0.97046, 0, -0.241261, 37.8424, 0, -46.5426)
skeleton = NodePath("../..")

[node name="VillageFence19" parent="VillageFence" instance=ExtResource("19_keluh")]
transform = Transform3D(0.0627906, 0, 0.998027, 0, 1, 0, -0.998027, 0, 0.0627906, 36.8424, 0, -50.8426)
skeleton = NodePath("../..")

[node name="VillageFence20" parent="VillageFence" instance=ExtResource("19_keluh")]
transform = Transform3D(-0.170708, 0, 0.985322, 0, 1, 0, -0.985322, 0, -0.170708, 37.1056, 0, -55.2124)
skeleton = NodePath("../..")

[node name="VillageFence21" parent="VillageFence" instance=ExtResource("19_keluh")]
transform = Transform3D(-0.170708, 0, 0.985322, 0, 1, 0, -0.985322, 0, -0.170708, 36.3159, 0, -59.4243)
skeleton = NodePath("../..")

[node name="VillageFence22" parent="VillageFence" instance=ExtResource("19_keluh")]
transform = Transform3D(0.0153409, 0, 0.999882, 0, 1, 0, -0.999882, 0, 0.0153409, 35.6388, 0, -63.5769)
skeleton = NodePath("../..")

[node name="VillageFence23" parent="VillageFence" instance=ExtResource("19_keluh")]
transform = Transform3D(-0.358156, 0, 0.933662, 0, 1, 0, -0.933662, 0, -0.358156, 35.7291, 0, -67.9552)
skeleton = NodePath("../..")

[node name="VillageFence24" parent="VillageFence" instance=ExtResource("19_keluh")]
transform = Transform3D(-0.999924, 0, -0.0123391, 0, 1, 0, 0.0123391, 0, -0.999924, 33.7113, 0, -71.5058)
skeleton = NodePath("../..")

[node name="VillageFence25" parent="VillageFence" instance=ExtResource("19_keluh")]
transform = Transform3D(-0.999924, 0, -0.0123391, 0, 1, 0, 0.0123391, 0, -0.999924, 29.5829, 0, -71.447)
skeleton = NodePath("../..")

[node name="VillageFence26" parent="VillageFence" instance=ExtResource("19_keluh")]
transform = Transform3D(-0.939842, 0, -0.34161, 0, 1, 0, 0.34161, 0, -0.939842, 25.2994, 0, -71.2646)
skeleton = NodePath("../..")

